           1     3502.68     70.0536           0
           2      4231.5     77.3418     7.28818
           3     4131.01     79.1013     4.56088
           4      3786.6      78.259     3.33321
           5     3837.26     77.9562     2.59959
           6     3576.91     76.8865     2.37686
           7      3721.8     76.5365     2.03909
           8     4061.02      77.122     1.86044
           9     4079.11     77.6175     1.71396
          10     3647.03     77.1499     1.60277
          11     4088.69     77.5702     1.50947
          12     3872.68     77.5605     1.37798
          13      3825.6     77.4798     1.27012
          14     3539.65     77.0022     1.26921
          15     4029.23      77.241     1.20546
          16     3944.67     77.3443     1.13233
          17     3981.27     77.4785     1.07207
          18     4023.15     77.6443     1.02426
          19     4291.39      78.075     1.06028
          20     4247.59     78.4189     1.06301
           1     2377.73     47.5546           0
           2      2520.8     48.9853     1.43065
           3     2470.97       49.13    0.838565
           4     2014.55     46.9202     2.28793
           5      1935.5     45.2782       2.416
           6     1981.19     44.3358      2.1862
           7     1866.77     43.3357     2.10096
           8     2019.03     42.9663      1.8566
           9     2242.83     43.1764     1.65079
          10     2002.66     42.8641     1.50918
          11     2404.98       43.34      1.4457
          12     2259.03     43.4934     1.32862
          13     2060.56     43.3179     1.23469
          14     2129.16     43.2654     1.14431
          15     2224.27     43.3467     1.06839
          16     2100.72     43.2634     1.00285
          17     2299.44     43.4238     0.95556
          18     2157.59     43.4086    0.901038
          19     2590.42     43.8507    0.960131
          20     2315.67     43.9739    0.919146
           1     1185.13     23.7027           0
           2     1156.49     23.4162     0.28644
           3     1361.05     24.6845     1.27898
           4      1133.1     24.1789     1.03611
           5     1146.87     23.9306    0.840093
           6     1145.85     23.7616    0.706431
           7     1023.45     23.2913    0.760068
           8     1196.01     23.3699    0.662917
           9     1273.79     23.6039    0.629724
          10     1194.99     23.6335    0.564019
          11     1178.45     23.6276    0.510208
          12     1383.38     23.9643    0.574693
          13     1192.38     23.9553    0.528717
          14     1161.51     23.9035     0.49223
          15     1271.85     24.0057    0.469506
          16     1146.31     23.9383    0.444335
          17     1276.45     24.0318     0.42774
          18     1324.73     24.1687    0.425853
          19     1315.31     24.2812    0.418233
          20     1347.29     24.4144    0.418542
           1     772.382     15.4476           0
           2     754.022      15.264    0.183595
           3     773.034     15.3296    0.124627
           4     752.059     15.2575    0.113863
           5     769.312     15.2832   0.0918793
           6     772.661     15.3116   0.0801904
           7     754.407     15.2796   0.0749131
           8     845.867     15.4844    0.214746
           9     756.843     15.4457    0.193284
          10     830.627     15.5624    0.208568
          11     772.736     15.5526    0.188911
          12     846.004     15.6666      0.2067
          13     768.688     15.6441    0.191466
          14     736.549     15.5788     0.18888
          15     761.218     15.5552    0.177419
          16     847.367     15.6422    0.187385
          17     763.889     15.6208    0.177318
          18     694.978     15.5252    0.192593
          19     709.862     15.4553    0.195121
          20     796.547     15.4791     0.18663
           1     481.388     9.62775           0
           2     540.845     10.2223    0.594578
           3     524.056     10.3086    0.353953
           4     519.494     10.3289    0.251106
           5     577.945     10.5749    0.313604
           6     468.192     10.3731    0.326048
           7       490.6     10.2929    0.286982
           8     470.462     10.1825    0.271975
           9     539.673     10.2503    0.249282
          10      536.76     10.2988    0.228175
          11     506.049     10.2827    0.207024
          12      528.94     10.3073    0.190591
          13     464.948     10.2298    0.191711
          14     535.748     10.2644    0.180841
          15     534.141     10.2923    0.170649
          16     549.893     10.3364    0.165606
          17     546.348     10.3712    0.159392
          18     523.324     10.3765    0.150369
          19     502.657     10.3594    0.143249
          20     493.297     10.3348     0.13812
           1     360.904     7.21808           0
           2      382.27     7.43174    0.213656
           3     376.605     7.46519    0.127811
           4     345.329     7.32554    0.166344
           5     383.815     7.39569     0.14671
           6      373.01     7.40644    0.120269
           7     402.065     7.49714    0.136225
           8     394.799     7.54699    0.128076
           9      365.72     7.52115    0.115871
          10     376.215     7.52146    0.103639
          11      381.92     7.53209   0.0943453
          12     376.582     7.53206   0.0861251
          13     370.743     7.52304   0.0797348
          14      350.95     7.48704   0.0821315
          15     348.662     7.45279   0.0837822
          16     368.552     7.44768   0.0785374
          17     379.922     7.45655   0.0743042
          18     361.128     7.44355   0.0712506
          19     383.815      7.4558   0.0685005
          20     379.152     7.46216   0.0652959
           1     268.568     5.37135           0
           2     303.128     5.71696    0.345604
           3     282.752     5.69632    0.200599
           4     290.703     5.72575    0.144867
           5     287.712     5.73145    0.112358
           6     292.607     5.75156   0.0939194
           7     271.323     5.70512    0.091966
           8     280.286      5.6927   0.0806082
           9     252.069     5.62033    0.101445
          10     278.459     5.61521   0.0908789
          11     265.292     5.58709    0.086881
          12     286.066     5.59827    0.080096
          13     266.858     5.57819   0.0763663
          14     292.856     5.59811   0.0734551
          15     281.248      5.5999   0.0684064
          16     276.345     5.59534   0.0641508
          17      279.17     5.59464   0.0602633
          18     294.408     5.61094   0.0591105
          19     273.175     5.60318   0.0564489
          20     282.297     5.60532   0.0535947
           1     214.273     4.28547           0
           2     229.633     4.43906    0.153593
           3     213.677     4.38388    0.104441
           4       210.4     4.33991   0.0859494
           5     219.357     4.34936   0.0672426
           6     227.755     4.38365   0.0647311
           7     219.782     4.38536   0.0547346
           8     212.031     4.36727   0.0507373
           9      212.44      4.3541   0.0466422
          10     213.375     4.34544   0.0426076
          11      217.22     4.34535   0.0385402
          12     221.678      4.3527   0.0359421
          13     231.223      4.3736   0.0391167
          14     223.201     4.38006   0.0367864
          15     215.493     4.37538   0.0345646
          16     238.642     4.40022   0.0407734
          17     215.627     4.39507   0.0386458
          18     226.775     4.40287   0.0372615
          19      225.72     4.40874   0.0357314
          20     228.479     4.41678   0.0348387
           1     178.785      3.5757           0
           2     180.699     3.59484   0.0191446
           3     176.988     3.57648    0.021433
           4     180.366     3.58419   0.0170049
           5     177.854     3.57877   0.0142437
           6     178.207     3.57633   0.0118828
           7     169.905     3.55087   0.0273703
           8     173.126     3.53983   0.0261504
           9     167.928     3.51969   0.0306196
          10      169.01     3.50574   0.0307341
          11      187.35     3.52767   0.0354105
          12     181.609     3.53638   0.0334779
          13      178.47     3.53892   0.0308998
          14     179.786     3.54298   0.0288938
          15     170.437     3.53403   0.0283482
          16     190.468     3.55124   0.0316116
          17     180.762       3.555   0.0299316
          18     174.644     3.55155     0.02843
          19      182.49     3.55672   0.0273849
          20     179.147     3.55803   0.0260126
           1     151.178     3.02357           0
           2     142.889     2.94067   0.0828971
           3     148.053     2.94746   0.0483405
           4      149.69     2.95905   0.0360911
           5     144.248     2.94423     0.03164
           6     148.718     2.94925   0.0263177
           7     154.024       2.968   0.0290896
           8     142.383     2.95296   0.0293414
           9      148.82     2.95556   0.0260075
          10     136.748      2.9335   0.0320591
          11     147.051     2.93418   0.0290066
          12     153.172     2.94495   0.0285861
          13     147.155     2.94481   0.0262958
          14     142.549     2.93811   0.0252507
          15     150.096     2.94236   0.0238889
          16     151.169     2.94743   0.0229126
          17     142.137     2.94127   0.0223864
          18     146.917     2.94111   0.0211068
          19     144.061     2.93795   0.0202123
          20     148.823     2.93988   0.0192715
           1     129.992     2.59985           0
           2     126.179     2.56171   0.0381307
           3     123.811     2.53322   0.0360114
           4     116.773     2.48377   0.0556135
           5     125.248     2.48801   0.0432859
           6     129.359     2.50454   0.0390164
           7     125.052     2.50404   0.0329787
           8     126.291     2.50676   0.0286898
           9     127.536     2.51165   0.0257692
          10     123.757     2.50799   0.0233361
          11     130.535     2.51733   0.0230814
          12     127.013     2.51924   0.0211569
          13     125.873     2.51911    0.019462
          14     132.094     2.52788   0.0200393
          15     125.804     2.52709   0.0186722
          16     129.479     2.53099   0.0178975
          17     123.751      2.5277   0.0171312
          18     122.827     2.52375   0.0166281
          19     123.646     2.52107   0.0159544
          20     133.637     2.52866    0.016929
           1     111.892     2.23785           0
           2     114.118     2.26011    0.022255
           3     108.286     2.22865   0.0339827
           4     107.309     2.20803   0.0316606
           5     110.739     2.20938   0.0245614
           6     107.822     2.20056   0.0219099
           7     106.174     2.18955   0.0215436
           8     107.508     2.18462   0.0192961
           9     110.871     2.18827   0.0174036
          10     110.133     2.18971   0.0156326
          11     106.018      2.1834   0.0154821
          12     105.094     2.17661   0.0156809
          13      104.09     2.16931   0.0161634
          14     112.059     2.17445   0.0158204
          15     109.689     2.17574   0.0147843
          16      112.04      2.1798    0.014415
          17     110.898     2.18205   0.0137253
          18     110.688     2.18381   0.0130597
          19     110.596     2.18529   0.0124415
          20     107.743     2.18377   0.0119007
           1     94.0671     1.88134           0
           2     95.6562     1.89723   0.0158918
           3     93.9713      1.8913   0.0109277
           4     93.7068     1.88701  0.00883817
           5     93.7598     1.88464  0.00724215
           6     97.5706     1.89577   0.0126014
           7     96.1588     1.89969   0.0113468
           8     93.5544     1.89611   0.0104568
           9       97.62     1.90237   0.0111427
          10     91.8445     1.89582   0.0119248
          11     95.5092     1.89712   0.0108651
          12     90.1134     1.88922   0.0126831
          13     92.2979     1.88589   0.0121321
          14     95.2273     1.88722   0.0113109
          15     96.3579     1.88989   0.0108612
          16     94.1301     1.88943   0.0101699
          17     92.9374     1.88763  0.00972197
          18     94.7529     1.88804  0.00917525
          19     91.3329     1.88481  0.00926068
          20     97.1082     1.88768  0.00924167
           1     83.7551      1.6751           0
           2     82.8304     1.66586  0.00924667
           3     85.3764     1.67975   0.0148816
           4     80.3858     1.66174   0.0208569
           5     86.1536     1.67401   0.0202848
           6     86.0807     1.68194    0.018365
           7     89.3656     1.69699   0.0216218
           8      85.042     1.69747   0.0187312
           9     87.2642     1.70279   0.0173525
          10     85.8816     1.70427   0.0155914
          11     83.6964     1.70151   0.0143702
          12     80.0667     1.69316   0.0155492
          13     82.9869     1.69059   0.0145325
          14     81.5018     1.68627   0.0141327
          15      84.156     1.68606   0.0131585
          16     82.9313     1.68434   0.0124275
          17     86.4249     1.68694    0.011959
          18     77.5747     1.67942   0.0135555
          19     84.3113     1.67977   0.0128272
          20     84.8242     1.68061   0.0121976
           1     75.7467     1.51493           0
           2     75.1242     1.50871  0.00622526
           3     71.6562     1.48351   0.0254502
           4     73.3823     1.47955    0.018428
           5     75.2307     1.48456   0.0151291
           6      74.696     1.48612    0.012451
           7     81.3703      1.5063   0.0227621
           8     74.6072     1.50453   0.0197919
           9     76.7524     1.50792    0.017781
          10     73.8027     1.50474     0.01622
          11     72.5789     1.49991    0.015447
          12     73.2251     1.49695   0.0144064
          13     78.0716     1.50191   0.0141497
          14     75.0491     1.50185   0.0131003
          15     75.0985     1.50186   0.0121957
          16     76.0787     1.50309   0.0114744
          17     76.6143     1.50481   0.0109143
          18     75.9945     1.50564   0.0103242
          19     75.7987     1.50619  0.00978081
          20     73.8518     1.50473  0.00939268
           1     69.4212     1.38842           0
           2     69.0828     1.38504    0.003384
           3     67.0228     1.37018   0.0149892
           4      66.351     1.35939   0.0151247
           5      66.252     1.35252   0.0135811
           6       68.47     1.35533   0.0114403
           7     67.7312     1.35523  0.00966935
           8      68.823     1.35789  0.00878428
           9     67.9496     1.35801  0.00774799
          10     66.8724     1.35595  0.00722857
          11     67.2164      1.3549  0.00662333
          12     64.9834     1.35029  0.00759855
          13     67.2424     1.34987  0.00700219
          14     69.2024     1.35232   0.0069271
          15     71.2962     1.35722  0.00810357
          16     67.1992      1.3564  0.00762522
          17     68.6774      1.3574  0.00723337
          18     67.2198     1.35668  0.00685787
          19     66.7894     1.35558  0.00657944
          20     67.3842     1.35519  0.00625428
