           1     46.8934    0.937868           0
           2     46.4792    0.933726    0.004142
           3     46.2578    0.930869  0.00372549
           4     45.1714    0.924009  0.00734873
           5      43.793    0.914379   0.0111864
           6      36.324    0.883063   0.0326213
           7      40.915    0.873811    0.029081
           8      47.051    0.882212   0.0265491
           9      38.724    0.870242   0.0262965
          10     43.3664     0.86995   0.0235221
          11     48.5154    0.879074   0.0231501
          12     38.2046    0.869492   0.0232039
          13     40.2698    0.864562   0.0219065
          14      45.347    0.867589   0.0205061
          15     42.0038    0.865754   0.0191781
          16     47.9004     0.87152   0.0188433
          17     48.1274    0.876875   0.0184924
          18     43.5928    0.876596    0.017437
          19     46.8984    0.879826   0.0168071
          20     44.1632    0.879998   0.0159455
           1     33.9356    0.678712           0
           2     34.2372    0.681728    0.003016
           3     15.0668    0.554931    0.126809
           4     28.7154    0.559775   0.0897985
           5     33.9732    0.583713   0.0735614
           6     30.5114    0.588132    0.060225
           7     26.3808    0.579487   0.0516284
           8     30.9958    0.584541   0.0449962
           9     28.3888    0.582678   0.0397266
          10     30.1964    0.584803    0.035596
          11     39.6608    0.603749   0.0373587
          12     31.9924    0.606758   0.0342361
          13     33.4342    0.611521   0.0318509
          14     33.4502    0.615627   0.0297727
          15     33.0566    0.618661   0.0278824
          16     37.8624    0.627322   0.0274822
          17     34.7598    0.631315    0.026122
          18     38.8284    0.639385   0.0259164
          19     32.4814    0.639924   0.0245204
          20     40.3422     0.64827    0.024714
           1     25.3146    0.506292           0
           2     25.1442    0.504588    0.001704
           3     23.4082    0.492447   0.0121811
           4     20.4482    0.471576   0.0225782
           5     27.1038    0.485676    0.022465
           6     22.5774    0.479988   0.0192042
           7     24.0158    0.480035   0.0162306
           8     23.3292    0.478354   0.0141563
           9     22.0804    0.474271   0.0131354
          10     26.1722    0.479188   0.0127362
          11       25.56    0.482098   0.0118822
          12     22.8446    0.479998   0.0110484
          13     25.2726    0.481956     0.01035
          14      22.517    0.479697  0.00984472
          15     20.8816     0.47556   0.0100557
          16     21.0166    0.472108   0.0100196
          17     16.2944    0.463507   0.0127499
          18     24.4272    0.464898    0.012101
          19     18.5432    0.459949   0.0124705
          20     24.0818    0.461033   0.0118801
           1     13.3742    0.267484           0
           2     17.4066    0.307808    0.040324
           3     13.4086    0.294596   0.0267687
           4     12.6848    0.284371   0.0215136
           5     12.9082     0.27913   0.0174692
           6      16.604    0.287955   0.0167729
           7     14.0238    0.286886   0.0142159
           8      16.558     0.29242    0.013498
           9     16.5122    0.296623   0.0126242
          10      16.731    0.300423   0.0119136
          11     17.0364    0.304087   0.0113821
          12     12.2402    0.299147   0.0115051
          13     15.4262    0.299868   0.0106077
          14      9.9676    0.292688   0.0121654
          15       8.529    0.284548   0.0139475
          16     13.8072    0.284022   0.0130572
          17      17.386    0.287769   0.0128247
          18     15.3772    0.288868   0.0121411
          19     12.6006    0.286928    0.011647
          20     12.0934    0.284675   0.0112766
           1      9.0462    0.180924           0
           2      9.7774    0.188236    0.007312
           3      8.2488    0.180483  0.00882813
           4     11.2992    0.191858   0.0129756
           5      8.1356    0.186029   0.0116189
           6      10.835    0.191141   0.0107764
           7      8.4198    0.187891  0.00966996
           8     10.5148    0.190692   0.0088303
           9     11.8538    0.195846  0.00933853
          10     10.9774    0.198216  0.00868242
          11      8.3204    0.195324  0.00836897
          12     11.5824    0.198351   0.0082176
          13     11.6112    0.200957  0.00799556
          14     11.1476    0.202528  0.00756734
          15      6.5626    0.197776  0.00849754
          16     10.4946    0.198534  0.00798471
          17     10.1338    0.198777  0.00750429
          18     11.1574    0.200131  0.00720349
          19      6.5316    0.196473  0.00773357
          20      10.513    0.197163  0.00736902
           1      7.2092    0.144184           0
           2      6.0144    0.132236    0.011948
           3      7.6322    0.139039   0.0096882
           4       7.166    0.140109   0.0069337
           5      5.6364    0.134633  0.00767036
           6      7.0886    0.135823  0.00637485
           7      7.4354    0.137663  0.00569351
           8      7.6576      0.1396  0.00529721
           9      6.8238    0.139252  0.00468457
          10      7.4542    0.140236  0.00430381
          11      8.1812    0.142362  0.00443574
          12       6.608    0.141512  0.00413754
          13      7.8326    0.142676  0.00398019
          14      8.5138    0.144648  0.00417914
          15      6.0966    0.143133  0.00417491
          16       6.554     0.14238  0.00397727
          17       7.302    0.142595  0.00374219
          18      6.5766    0.141981  0.00358131
          19      5.9878    0.140811  0.00358384
          20      7.5252    0.141296   0.0034343
           1      5.5594    0.111188           0
           2      5.0416     0.10601    0.005178
           3      6.3234    0.112829  0.00744584
           4       5.108    0.110162  0.00590211
           5      5.1294    0.108647  0.00481618
           6      6.1576    0.111065  0.00461604
           7      5.6996    0.111483  0.00392362
           8      6.4714    0.113726  0.00407158
           9       5.322    0.112916  0.00368093
          10      6.8676     0.11536  0.00410004
          11      3.5068    0.111249  0.00553683
          12      5.0354     0.11037  0.00513017
          13      7.9036     0.11404  0.00597778
          14      5.2958    0.113459  0.00556468
          15      3.9644    0.111181  0.00565921
          16      6.3322    0.112148   0.0053812
          17      4.0024     0.11026  0.00539592
          18      7.1818    0.112114  0.00541471
          19      4.9938     0.11147  0.00516214
          20      5.9416    0.111838  0.00491105
           1      3.9688    0.079376           0
           2      3.3924    0.073612    0.005764
           3      4.4838   0.0789667  0.00630452
           4      4.2508    0.080479  0.00470751
           5      3.0562    0.076608  0.00531799
           6      3.9694   0.0770713  0.00436677
           7       4.724   0.0795583  0.00445033
           8      4.3084   0.0803845  0.00394166
           9      4.4692   0.0813844  0.00361718
          10      4.7762   0.0827984  0.00353079
          11      4.2926    0.083076  0.00320576
          12      4.7872   0.0841317  0.00311103
          13      4.9346   0.0852517   0.0030731
          14      4.5094   0.0856043  0.00286691
          15      3.4296   0.0844701  0.00289993
          16       4.002   0.0841933  0.00272673
          17      4.0446   0.0839991  0.00256866
          18      3.3482   0.0830527  0.00260011
          19      3.2444   0.0820966  0.00263874
          20      4.3334   0.0823252  0.00251374
           1      3.4058    0.068116           0
           2       4.028    0.074338    0.006222
           3      3.7022     0.07424  0.00359361
           4       3.454     0.07295  0.00284976
           5      2.9218   0.0700472  0.00364677
           6      3.1252     0.06879   0.0032321
           7      3.4396   0.0687903  0.00273163
           8      3.4822    0.068897  0.00236806
           9      3.7974   0.0696804  0.00223055
          10      3.4804   0.0696732  0.00199508
          11      4.1792   0.0709378  0.00220361
          12       3.471   0.0708113  0.00201558
          13      4.0666   0.0716206  0.00202299
          14      3.1132   0.0709523   0.0019886
          15      2.4994   0.0695547  0.00231961
          16        3.68   0.0698075  0.00218448
          17      4.0642   0.0704826  0.00216016
          18      3.7092   0.0706882  0.00204697
          19       3.255   0.0703941  0.00195845
          20      4.1862   0.0710606  0.00197388
           1        3.31      0.0662           0
           2      2.8056    0.061156    0.005044
           3      2.6978    0.058756  0.00377368
           4      2.3252    0.055693   0.0040623
           5      2.4554    0.054376  0.00341114
           6      2.3094   0.0530113  0.00310154
           7      3.4352   0.0552531  0.00344918
           8      3.5884   0.0573175    0.003631
           9      3.6338    0.059024  0.00362857
          10      2.8188   0.0587592  0.00325628
          11       2.593    0.058132  0.00301145
          12       3.294   0.0587777  0.00282387
          13      2.7972   0.0585597  0.00260671
          14      2.2342   0.0575686  0.00260894
          15      2.6612   0.0572789    0.002446
          16      3.0834   0.0575533  0.00230441
          17      3.2558   0.0579981  0.00220986
          18      2.9644   0.0580698   0.0020847
          19       2.765    0.057924  0.00197731
          20      3.4288   0.0584566  0.00194999
           1      2.6568    0.053136           0
           2      2.4066    0.050634    0.002502
           3      2.2902    0.049024  0.00216305
           4      2.2514    0.048025  0.00182685
           5      2.1656   0.0470824  0.00170027
           6       2.145   0.0463853  0.00155344
           7       3.046   0.0484617  0.00245664
           8      2.2914   0.0481325  0.00215283
           9      2.8042    0.049016  0.00209412
          10      2.9164   0.0499472  0.00209174
          11      2.2426    0.049484  0.00194793
          12      2.4388    0.049425  0.00177918
          13      2.6616   0.0497178  0.00166261
          14      2.6824   0.0499986  0.00156466
          15       2.588    0.050116  0.00146135
          16        2.09   0.0495963  0.00146244
          17      2.2562   0.0493332  0.00139869
          18      3.0012   0.0499271  0.00144628
          19      2.6232   0.0500606  0.00137454
          20      2.2588   0.0498164  0.00132668
           1      2.5522    0.051044           0
           2       2.578    0.051302    0.000258
           3      1.8146   0.0462987  0.00500555
           4       2.148    0.045464  0.00363654
           5      1.8886   0.0439256  0.00320957
           6      2.7198   0.0456707  0.00314846
           7      2.5084   0.0463131   0.0027374
           8      2.9084    0.047795   0.0027957
           9       2.196   0.0473644  0.00250288
          10      2.3546   0.0473372  0.00223881
          11       1.455   0.0456793  0.00261719
          12      1.5932    0.044528  0.00265207
          13      2.4946   0.0449406   0.0024742
          14      2.7842    0.045708  0.00241579
          15      2.2714   0.0456893  0.00224905
          16      1.6886   0.0449445  0.00223176
          17      1.5738   0.0441522  0.00224108
          18      2.1712   0.0441118   0.0021133
          19      2.4566    0.044376  0.00201637
          20      1.9692   0.0441264  0.00192911
           1      1.9576    0.039152           0
           2      2.3208    0.042784    0.003632
           3      1.9888   0.0417813  0.00232432
           4      1.5368     0.03902  0.00321344
           5      2.5282   0.0413288  0.00339504
           6      1.8554   0.0406253   0.0028599
           7      1.7858    0.039924  0.00251675
           8      2.6766    0.041625  0.00276477
           9       1.763   0.0409178  0.00253879
          10      2.0876   0.0410012  0.00227229
          11      2.3234   0.0414982   0.0021146
          12      1.7208    0.040908  0.00201856
          13      2.2134   0.0411665  0.00187471
          14       1.888   0.0409231  0.00175261
          15      2.0816   0.0409704  0.00163228
          16      2.1234    0.041064  0.00152972
          17      1.8358   0.0408082  0.00145951
          18       2.327   0.0411267   0.0014124
          19      1.4428   0.0404808  0.00148391
          20      1.7988   0.0402556  0.00142566
           1       1.969     0.03938           0
           2       2.296     0.04265     0.00327
           3       1.756     0.04014  0.00314076
           4       1.626    0.038235  0.00292596
           5      2.2904   0.0397496  0.00272594
           6      1.6628   0.0386673   0.0024749
           7      1.5604   0.0376017  0.00234748
           8       2.186   0.0383665  0.00217207
           9      1.8166   0.0381404  0.00192888
          10       1.841   0.0380084  0.00173028
          11      2.0928   0.0383582  0.00160371
          12      1.4518   0.0375813  0.00165733
          13      1.9224    0.037648  0.00152598
          14      2.2918   0.0382329  0.00152905
          15      2.1308   0.0385251  0.00145315
          16      1.6988   0.0382407  0.00138872
          17      1.7274   0.0380235  0.00132243
          18      1.4398   0.0375109  0.00134808
          19      1.5588   0.0371775  0.00131802
          20      1.1996   0.0365182  0.00141355
           1      1.4506    0.029012           0
           2      1.5482    0.029988    0.000976
           3      1.5744    0.030488 0.000753343
           4       1.953    0.032631  0.00220821
           5      1.1926   0.0308752  0.00245124
           6      1.2584    0.029924  0.00221596
           7      1.3812   0.0295954  0.00190143
           8      1.2764    0.029087  0.00172339
           9       2.025   0.0303551  0.00197944
          10      1.9736   0.0312668  0.00199141
          11      1.8272   0.0317465  0.00186409
          12       1.205   0.0311093  0.00181707
          13       1.886   0.0316178   0.0017471
          14      1.3746   0.0313231  0.00164413
          15       1.247   0.0308976  0.00158865
          16      1.8528   0.0312825  0.00153509
          17      1.4034   0.0310934  0.00145431
          18      1.2572   0.0307629  0.00141041
          19      1.0704   0.0302705  0.00142207
          20      0.8064   0.0295634  0.00152318
           1       1.564     0.03128           0
           2      1.1852    0.027492    0.003788
           3      1.2154   0.0264307  0.00243093
           4       1.559    0.027618  0.00208913
           5       0.919   0.0257704  0.00245608
           6      0.8748   0.0243913   0.0024338
           7       1.302   0.0246269  0.00207037
           8      1.6652   0.0257115  0.00209554
           9       1.994   0.0272858  0.00242771
          10      1.6286   0.0278144  0.00223483
          11      1.9714   0.0288702  0.00228058
          12      1.4402   0.0288647  0.00208189
          13      1.5944   0.0290972  0.00192913
          14      1.4466   0.0290854  0.00178606
          15      1.1042   0.0286187  0.00172701
          16        1.33   0.0284925  0.00162039
          17      2.0146   0.0291866  0.00167287
          18      1.3344   0.0290478   0.0015833
          19       1.172   0.0287526  0.00152646
          20      1.0512   0.0283662   0.0014988
