           1       3.164     0.06328           0
           2     14.3488    0.175128    0.111848
           3      17.021    0.230225   0.0848864
           4     -9.4562    0.125388    0.120804
           5      4.4438    0.118086   0.0938592
           6      1.5952    0.103722   0.0779702
           7      3.7946   0.0997463   0.0660167
           8    -16.5142   0.0459925   0.0784737
           9     -4.8958   0.0300027   0.0710304
          10     23.0522   0.0731068   0.0767739
          11      21.933    0.106339   0.0769865
          12     13.3186    0.119675   0.0715329
          13       -9.08      0.0965   0.0697625
          14      1.1452   0.0912431   0.0648011
          15     -8.4154   0.0739397   0.0627591
          16      9.9328   0.0817345    0.059221
          17     29.2168    0.111299   0.0629968
          18    -20.4916   0.0823476   0.0660745
          19     13.8778   0.0926217   0.0633391
          20     17.5218    0.105512   0.0614559
           1      8.3754    0.167508           0
           2    -16.0188   -0.076434    0.243942
           3     -4.4016     -0.0803    0.140893
           4      1.3174   -0.053638    0.103132
           5     -3.4144   -0.056568   0.0799397
           6      7.7382   -0.021346   0.0741676
           7      1.8428  -0.0130314   0.0632321
           8     -2.4816  -0.0176065   0.0549514
           9       4.124 -0.00648578   0.0497221
          10    -11.3546  -0.0285464   0.0496437
          11      -2.577  -0.0306367   0.0449531
          12        0.39  -0.0274337   0.0411612
          13     -4.9798  -0.0329846   0.0382675
          14      11.087    -0.01479   0.0398277
          15       7.635   -0.003624   0.0387224
          16      2.9198  0.00025225   0.0364283
          17      3.7924  0.00469906   0.0345062
          18      0.1416  0.00459533   0.0325329
          19       4.524  0.00911558   0.0311033
          20      2.1384   0.0107982   0.0295551
           1      1.3024    0.026048           0
           2      1.6342    0.029366    0.003318
           3      2.5798    0.036776  0.00765361
           4      0.0422    0.027793   0.0104873
           5     -2.7652   0.0111736   0.0184985
           6     -0.4186    0.007916   0.0154513
           7     -1.7168     0.00188   0.0143862
           8      6.4166   0.0176865   0.0201263
           9     -0.2536   0.0151578   0.0179289
          10      4.9822   0.0236064   0.0181256
          11      4.4544   0.0295593   0.0174425
          12     -5.2386    0.018365   0.0194639
          13     -3.4628   0.0116249   0.0191309
          14     -0.0062   0.0107857   0.0177316
          15      1.6878   0.0123171   0.0165781
          16      2.8996   0.0151717    0.015768
          17     -2.5748   0.0112501   0.0153218
          18     -4.2664  0.00588467   0.0154098
          19        0.87  0.00649074   0.0145888
          20      4.1318    0.010298   0.0143543
           1     -3.1132   -0.062264           0
           2      -1.629   -0.047422    0.014842
           3     -2.2648  -0.0467133  0.00859829
           4      4.8716   -0.010677   0.0365456
           5     -0.3146     -0.0098   0.0283217
           6       1.754    -0.00232   0.0243042
           7      0.2192 -0.00136229   0.0205631
           8      -1.956   -0.006082    0.018423
           9     -0.0254 -0.00546267   0.0162594
          10     -1.7218    -0.00836   0.0148286
          11      -4.853  -0.0164236   0.0156503
          12      1.0284   -0.013341   0.0146155
          13      2.3822 -0.00864985   0.0142392
          14      0.0062 -0.00802314   0.0131978
          15        0.78 -0.00644827    0.012387
          16     -0.4148 -0.00656375   0.0115876
          17     -1.4314 -0.00786165   0.0109618
          18      1.5628 -0.00568844   0.0105609
          19     -0.8854 -0.00632105   0.0100096
          20     -1.2752  -0.0072802  0.00954425
           1      0.1252    0.002504           0
           2      1.0708     0.01196    0.009456
           3       3.817     0.03342   0.0221436
           4      1.6018    0.033074   0.0156617
           5     -0.5142   0.0244024   0.0149121
           6     -0.5602    0.018468   0.0135449
           7     -0.2126   0.0152223   0.0118987
           8     -0.1342    0.012984   0.0105449
           9      0.6448   0.0129742  0.00929973
          10     -2.4678   0.0067412   0.0103942
          11      1.1162  0.00815782    0.009508
          12       0.308  0.00799133  0.00868117
          13      2.7512   0.0116092  0.00876685
          14      1.2176   0.0125194   0.0081674
          15     -0.6312   0.0108432  0.00778601
          16     -0.7074  0.00928125  0.00744875
          17     -0.7144  0.00789482  0.00713292
          18      2.1132  0.00980422   0.0069908
          19      1.5528   0.0109227  0.00670656
          20      1.8684    0.012245  0.00649835
           1      -0.028    -0.00056           0
           2     -0.1588   -0.001868    0.001308
           3     -0.2666 -0.00302267  0.00137969
           4     -1.7978   -0.011256  0.00829093
           5      -0.142  -0.0095728  0.00663904
           6      0.1316 -0.00753867  0.00578984
           7       1.872 -0.00111314  0.00807662
           8      0.7506   0.0009025   0.0072792
           9     -1.1206   -0.001688  0.00692261
          10      1.2344   0.0009496  0.00673016
          11       0.769  0.00226145   0.0062274
          12     -0.0322  0.00201933  0.00568997
          13     -2.7904 -0.00242892   0.0068689
          14      1.8164 0.000339429   0.0069358
          15      0.3886 0.000834933  0.00647586
          16      -1.819   -0.001491  0.00648881
          17      1.2674 8.77647e-05  0.00629632
          18      0.7438 0.000909333  0.00599281
          19      -0.475 0.000361474  0.00569505
          20      0.1522   0.0004956  0.00540446
           1      0.7566    0.015132           0
           2      0.4844     0.01241    0.002722
           3      0.5806    0.012144   0.0015939
           4     -1.3696     0.00226  0.00994805
           5     -0.6374  -0.0007416  0.00826969
           6     -0.7188   -0.003014   0.0071243
           7       0.749-0.000443429   0.0065469
           8     -0.5646  -0.0017995   0.0058297
           9       0.495-0.000499556   0.0053031
          10      1.0504   0.0016512  0.00520808
          11      0.1656  0.00180218   0.0047133
          12     -1.0822-0.000151667  0.00472549
          13      0.8484  0.00116523  0.00454192
          14     -0.6904 9.57143e-05  0.00433888
          15      0.0906 0.000210133   0.0040409
          16     -0.4252  -0.0003345  0.00381895
          17      0.2546-1.52941e-05  0.00360145
          18      0.3974 0.000427111  0.00342418
          19      0.2586 0.000676842  0.00324856
          20      1.1664   0.0018094  0.00328337
           1        0.15       0.003           0
           2       0.116     0.00266     0.00034
           3     -0.7456 -0.00319733  0.00586062
           4     -0.3458   -0.004127  0.00424708
           5     -1.0704  -0.0075832  0.00477158
           6      0.1344 -0.00587133  0.00425548
           7      -1.013 -0.00792686   0.0041425
           8           0   -0.006936  0.00372183
           9      -0.509 -0.00729644  0.00330207
          10     -0.4616    -0.00749   0.0029598
          11     -1.1632   -0.008924   0.0030371
          12      0.0918 -0.00802733  0.00291387
          13      0.0296 -0.00736431  0.00276116
          14      0.9342 -0.00550371  0.00316175
          15      -0.357  -0.0056128  0.00294545
          16       0.203 -0.00500825  0.00282076
          17     -0.3884 -0.00517059  0.00265461
          18      0.4984 -0.00432956  0.00264032
          19     -0.4762 -0.00460295  0.00251242
          20     -0.8512   -0.005224  0.00246307
           1      0.4926    0.009852           0
           2      -0.061    0.004316    0.005536
           3       0.538    0.006464  0.00385093
           4      0.1706    0.005701   0.0028279
           5     -0.1262    0.004056  0.00273938
           6      -0.349  0.00221667  0.00289585
           7     -0.0276  0.00182114   0.0024792
           8      0.8016   0.0035975  0.00278662
           9      0.3478  0.00397067  0.00248574
          10     -0.1388    0.003296  0.00232342
          11      1.1916  0.00516291  0.00281107
          12     -0.4182  0.00403567  0.00280282
          13      -0.875  0.00237908  0.00306455
          14     -1.0294 0.000738571  0.00327736
          15     -0.5782   -8.16e-05  0.00315937
          16     -0.2678 -0.00041125  0.00297365
          17      0.3378 1.03529e-05   0.0028249
          18       0.338 0.000385333  0.00268961
          19     -0.8948-0.000576842  0.00271998
          20     -0.4616  -0.0010096  0.00261644
           1      1.0096    0.020192           0
           2      0.5972    0.016068    0.004124
           3     -0.3052  0.00867733  0.00776473
           4      0.6976    0.009996  0.00564663
           5     -0.5768   0.0056896  0.00613806
           6     -1.0612    0.001204   0.0067259
           7       0.437  0.00228057  0.00578547
           8      0.3826    0.002952  0.00505515
           9     -0.4072  0.00171911  0.00462556
          10      -0.661   0.0002252  0.00439868
          11      0.5134  0.00113818  0.00408216
          12      0.7678    0.002323  0.00391031
          13      0.3508    0.002684  0.00361503
          14      0.2054  0.00278571  0.00334841
          15      0.0316  0.00264213  0.00312051
          16     -0.4028   0.0019735  0.00299457
          17     -0.3632  0.00143012  0.00286491
          18      0.1076  0.00147022  0.00270136
          19      0.0716  0.00146821  0.00255523
          20      -0.916   0.0004788  0.00261825
           1       0.209     0.00418           0
           2      0.8192    0.010282    0.006102
           3      0.2186    0.008312  0.00403638
           4      0.2686    0.007577  0.00294727
           5      0.1152   0.0065224  0.00251476
           6     -0.5668    0.003546  0.00361593
           7     -0.4494  0.00175543  0.00354195
           8      0.2462   0.0021515  0.00309288
           9      -0.044  0.00181467  0.00274839
          10     -0.3866     0.00086   0.0026371
          11      0.1836  0.00111564    0.002399
          12        0.05    0.001106     0.00219
          13      0.1766  0.00129262  0.00202313
          14      0.1576  0.00142543  0.00187776
          15      -0.118  0.00117307  0.00176622
          16      0.3982   0.0015975   0.0017058
          17      0.8092  0.00245553  0.00181759
          18      0.2674  0.00261622  0.00172116
          19      0.5688  0.00307726  0.00169207
          20     -0.1572   0.0027662   0.0016351
           1       -0.09     -0.0018           0
           2      0.5956    0.005056    0.006856
           3      0.1682    0.004492  0.00399829
           4     -0.1726    0.002506  0.00345505
           5      0.1334   0.0025384  0.00267647
           6       0.393  0.00342533  0.00235845
           7     -0.5804  0.00127771  0.00293007
           8      0.1442   0.0014785  0.00254545
           9     -0.0332  0.00124044  0.00225746
          10     -0.6982    -0.00028  0.00252758
          11       0.211 0.000129091  0.00232259
          12      0.2202 0.000485333  0.00214995
          13      0.0178 0.000475385  0.00197769
          14      0.1414 0.000643429  0.00183868
          15     -0.2278   0.0002968  0.00174646
          16     -0.1962     3.3e-05  0.00165483
          17      0.3758 0.000473176  0.00161556
          18     -0.3836 2.06667e-05  0.00158896
          19     -0.1606-0.000149474  0.00151261
          20     -0.0208  -0.0001628  0.00143505
           1     -0.2738   -0.005476           0
           2      0.1814   -0.000924    0.004552
           3     -0.4312 -0.00349067  0.00367351
           4      0.1496    -0.00187  0.00306168
           5      0.3482  -0.0001032  0.00295735
           6     -0.1594-0.000617333  0.00246879
           7     -0.0962   -0.000804  0.00209485
           8     -0.2804  -0.0014045  0.00191099
           9      0.4878-0.000164444  0.00209239
          10       0.373    0.000598  0.00202084
          11     -0.1268 0.000313091  0.00184999
          12       0.038 0.000350333  0.00168921
          13      0.0124 0.000342462  0.00155387
          14     -0.6468   -0.000606  0.00172312
          15      0.3134-0.000147733  0.00166832
          16      0.3598  0.00031125  0.00162666
          17     -0.0144    0.000276  0.00152839
          18     -0.6288   -0.000438  0.00160817
          19      0.4082 1.47368e-05  0.00158712
          20     -0.3444  -0.0003304  0.00154473
           1      0.0176    0.000352           0
           2      0.0918    0.001094    0.000742
           3     -0.2764 -0.00111333  0.00224852
           4      0.2512    0.000421  0.00220955
           5      0.3062   0.0015616  0.00205675
           6     -0.2234 0.000556667  0.00195705
           7      0.0778 0.000699429  0.00166016
           8      0.5402   0.0019625  0.00191375
           9     -0.4414 0.000763556  0.00207027
          10      0.0594    0.000806   0.0018522
          11      -0.016 0.000703636   0.0016785
          12     -0.0944 0.000487667   0.0015474
          13      0.1342 0.000656615  0.00143339
          14      -0.336 0.000129714  0.00142784
          15      -0.574-0.000644267  0.00153816
          16       0.275 -0.00026025  0.00148918
          17     -0.2192-0.000502824  0.00141972
          18      0.0568-0.000411778  0.00134162
          19     -0.2818-0.000686737  0.00129849
          20     -0.1502  -0.0008026  0.00123729
           1       0.401     0.00802           0
           2      0.3964    0.007974     4.6e-05
           3      0.2982    0.007304 0.000670526
           4      0.5048    0.008002 0.000843805
           5     -0.5244    0.004304  0.00375532
           6      -0.864 0.000706667  0.00472678
           7     -0.2374-7.25714e-05  0.00407014
           8      -0.152  -0.0004435  0.00354431
           9     -0.3836 -0.00124667  0.00322733
          10     -0.0174  -0.0011568  0.00288801
          11       0.392-0.000338909  0.00273735
          12      0.6986 0.000853667  0.00276884
          13     -0.1936 0.000490154  0.00257277
          14      0.5738  0.00127486  0.00250785
          15     -0.2164 0.000901333  0.00236437
          16     -0.4144    0.000327  0.00228502
          17      -0.256 6.58824e-06  0.00217019
          18       0.088    0.000104  0.00204839
          19      -0.332-0.000250947  0.00196983
          20     -0.1708  -0.0004092  0.00187543
           1     -0.1644   -0.003288           0
           2     -0.0628   -0.002272    0.001016
           3      0.1504   -0.000512  0.00185518
           4     -0.2146   -0.001457  0.00161675
           5     -0.1744  -0.0018632  0.00131656
           6      0.0776   -0.001294  0.00121636
           7       0.416 7.94286e-05  0.00171555
           8       0.347    0.000937  0.00171545
           9       0.128  0.00111733  0.00152359
          10     -0.5716  -0.0001376  0.00185255
          11      0.0024-0.000120727  0.00167578
          12      0.1862 0.000199667  0.00156296
          13       0.148    0.000412  0.00145331
          14     -0.2488 2.71429e-05  0.00139946
          15     -0.1194-0.000133867  0.00131274
          16     -0.5248  -0.0007815  0.00138827
          17     -0.2174-0.000991294  0.00132082
          18      0.4762-0.000407111   0.0013755
          19      0.1138-0.000265895  0.00130873
          20     -0.0938  -0.0003464  0.00124418
