           1     19.3024    0.386048           0
           2     13.4489    0.338667     2.84642
           3     15.7817    0.332005     1.75421
           4     17.0046    0.334401     1.27736
           5     16.9637    0.335519     1.00293
           6     19.7605    0.346773    0.926382
           7      18.689    0.350847    0.799271
           8     14.9543    0.345192    0.750809
           9     15.5294    0.341895    0.699129
          10     18.6665    0.345528    0.656263
          11     13.6304    0.339755    0.643599
          12     18.5146    0.342315    0.588272
          13     18.5763    0.344571    0.541556
          14     17.8214    0.345842    0.525073
          15     15.5824    0.343649    0.493265
          16     16.3633    0.342691    0.464873
          17      17.558    0.343252    0.440131
          18      15.778    0.341781    0.418403
          19      12.644    0.337953    0.437037
          20     13.8629    0.335441    0.438201
           1     22.1381    0.442762           0
           2     21.0609     0.43282    0.627419
           3     21.2377     0.43032    0.420279
           4     20.8947    0.429829    0.718716
           5     19.9511      0.4257    0.749761
           6       24.45    0.438475    0.761185
           7      22.112    0.440632    0.736938
           8     19.6838    0.434832    0.642613
           9     20.3957    0.432011    0.575238
          10      21.003    0.430869    0.517379
          11       23.33    0.434522    0.489561
          12     19.4162    0.430754    0.450393
          13     21.9126    0.431523    0.423424
          14      19.621    0.428738    0.392296
          15     21.6508    0.429027    0.365365
          16     19.6853    0.426827    0.342043
          17     22.5227    0.428279    0.324368
          18     20.7475    0.427538    0.305817
          19     20.7117    0.427697    0.326893
          20     20.7424     0.42713    0.313159
           1      21.694    0.433879           0
           2     21.2357    0.429297  0.00385309
           3     21.7116    0.431799    0.376658
           4     23.0657    0.441008    0.511887
           5     19.9457    0.432611    0.399658
           6     21.5733    0.432858    0.367316
           7     20.9348    0.431578    0.370163
           8      22.426      0.4337    0.320796
           9     22.0444    0.434567    0.287907
          10     20.7411    0.432696    0.264232
          11      20.797    0.431177    0.239431
          12     21.9373    0.432296    0.249853
          13     21.4793      0.4321    0.230597
          14      21.764    0.432387    0.216937
          15     20.8749    0.431397    0.202109
          16     20.4288     0.42997    0.189057
          17     22.1564    0.430766    0.178927
          18     22.3764    0.431806    0.174995
          19     21.8048    0.432181    0.173591
          20     23.2241    0.433863    0.168501
           1     21.8953    0.437905           0
           2     22.6899    0.446009    0.180439
           3      22.681    0.448556    0.108963
           4     23.3543    0.453424    0.149353
           5     21.6085    0.449258      0.1327
           6     21.9888    0.447683    0.109694
           7     23.6508    0.451312   0.0954748
           8     21.6961    0.449572    0.142754
           9     23.3394    0.451485    0.126016
          10     22.6056    0.451577    0.115962
          11     22.7979    0.451989    0.106219
          12     21.3992    0.450347    0.128395
          13     21.6673    0.449054    0.119121
          14      22.388    0.448979    0.111648
          15     22.9567    0.449911    0.121615
          16     23.2118    0.450823    0.114956
          17     22.4491    0.450717    0.108142
          18     21.6608     0.44981    0.106374
          19     22.3053    0.449617    0.100767
          20     22.1524     0.44929    0.095741
           1     21.3127    0.426253           0
           2     22.6825    0.439979   0.0796554
           3     21.4374     0.43624   0.0483138
           4     22.8439    0.441561   0.0939261
           5     22.8063    0.444611    0.105935
           6     21.0398    0.440648   0.0882583
           7     22.8184    0.442894   0.0746582
           8     20.6998    0.439311   0.0683518
           9     22.7143    0.441061    0.072209
          10     21.9301    0.440833   0.0668722
          11      22.098    0.440954   0.0628304
          12       21.59    0.440365   0.0758969
          13      19.606    0.436691   0.0745105
          14     21.9751    0.436954    0.074402
          15     21.9998    0.437178   0.0709045
          16     22.3924     0.43785   0.0668576
          17     22.0393    0.438023   0.0628018
          18      22.381     0.43856   0.0594406
          19     21.4462    0.438053   0.0562378
          20     21.8417    0.438031     0.05632
           1     20.8606    0.417212           0
           2     20.9817     0.41857    0.131994
           3     20.9759    0.418887    0.076578
           4     21.5511    0.422168    0.108965
           5     21.3682    0.423335    0.104719
           6      19.719    0.418544   0.0917519
           7     21.5757    0.420453    0.085005
           8      20.615    0.419503   0.0806943
           9      20.806    0.419135   0.0719568
          10     21.6717    0.420653   0.0734437
          11     21.8443    0.422135   0.0667736
          12     19.9706    0.420276   0.0633818
          13     20.9913    0.420285    0.061822
          14      21.318     0.42072   0.0572721
          15     20.5089    0.420058   0.0566222
          16     20.5479    0.419495   0.0534743
          17      21.291    0.419875    0.050723
          18     21.5631    0.420515   0.0482359
          19     20.4255    0.419883   0.0456276
          20     20.3111    0.419217   0.0443245
           1     19.6605     0.39321           0
           2     20.1645    0.398999    0.258959
           3     19.2026    0.394058     0.15405
           4     20.0701    0.395922    0.112076
           5     20.4316    0.398467   0.0870008
           6     19.4729    0.396966   0.0711073
           7     20.1415     0.39781   0.0607091
           8     18.7869    0.395099   0.0568706
           9     19.7337    0.395067   0.0517509
          10     20.0279    0.395664   0.0512907
          11     19.9391    0.396015   0.0520931
          12     20.0284    0.396394   0.0475558
          13     19.3031    0.395603   0.0441034
          14     20.1584    0.396144   0.0408892
          15     19.8829    0.396256   0.0389271
          16     19.6619    0.396073   0.0369193
          17     20.0423    0.396365   0.0354878
          18     20.0011    0.396569   0.0334758
          19     19.8158    0.396556   0.0316767
          20      19.372    0.396111   0.0307333
           1     18.5407    0.370813           0
           2     18.9424     0.37518    0.154807
           3     18.5342    0.373741    0.100218
           4     18.8486    0.374646   0.0839542
           5     18.4778    0.373645   0.0673525
           6     18.2859    0.372332   0.0556982
           7     17.6074     0.36945   0.0470975
           8     18.1579    0.368664   0.0408171
           9     17.7387    0.367122   0.0360121
          10     18.7169    0.367843   0.0322235
          11      18.035      0.3672   0.0296852
          12     17.5127      0.3658   0.0287948
          13     18.2903    0.365801   0.0265409
          14     18.3572    0.365903   0.0252559
          15     17.7339    0.365155    0.023573
          16     18.7236    0.365743   0.0226913
          17     18.8389    0.366406   0.0224212
          18     19.0623    0.367232   0.0212081
          19     18.4411    0.367319   0.0203546
          20     18.2515    0.367227   0.0211395
           1     17.3158    0.346316           0
           2     17.3788    0.347101    0.088273
           3     17.0106    0.344823   0.0560854
           4     17.3261    0.345268   0.0435501
           5     17.2768    0.345326   0.0344573
           6     17.4522    0.345948   0.0288094
           7     16.9926    0.345097   0.0269956
           8     17.3434    0.345333   0.0254901
           9     16.8768    0.344479   0.0237696
          10     17.3391    0.344709   0.0212635
          11     17.1918    0.344633   0.0196157
          12     16.7714    0.343875   0.0193386
          13     17.2414    0.343961   0.0192137
          14     17.6641     0.34465   0.0204773
          15     16.9805     0.34432   0.0196319
          16      17.613    0.344816    0.018367
          17     17.4764      0.3451   0.0178171
          18     17.3151    0.345175   0.0174413
          19     17.6041    0.345552   0.0177272
          20     17.0335    0.345308   0.0168439
           1     15.6447    0.312895           0
           2     15.7242    0.313694   0.0149415
           3     16.0809    0.316357   0.0197954
           4     15.9376    0.316957   0.0141318
           5     15.9197    0.317265   0.0177056
           6     15.7277    0.316851   0.0219838
           7     15.5451    0.316084   0.0290077
           8      15.727    0.315892   0.0252005
           9     15.5114    0.315267   0.0225989
          10     15.8281     0.31542   0.0225154
          11     15.7407    0.315366   0.0205013
          12     15.6936    0.315244   0.0188939
          13     15.9676     0.31556   0.0173801
          14     16.3096    0.316326   0.0165147
          15     15.8463    0.316367   0.0154132
          16     16.1621      0.3168   0.0146186
          17     16.4257    0.317498   0.0143336
          18     15.5626    0.317152   0.0136071
          19     15.8845    0.317182   0.0130153
          20     15.2289    0.316564   0.0130657
           1     14.3415    0.286831           0
           2     14.6638    0.290056   0.0109095
           3     14.1587    0.287791   0.0242048
           4     15.0352    0.291027   0.0180235
           5     14.6179    0.291304    0.016515
           6     14.6604    0.291626   0.0145303
           7     14.6272    0.291764   0.0136536
           8     14.2342    0.290879   0.0119806
           9     14.1087     0.28992   0.0115753
          10     14.9835    0.290899   0.0106959
          11     14.3704    0.290582  0.00972789
          12     14.2534    0.290123  0.00889238
          13     14.7439     0.29049  0.00845019
          14     14.9758    0.291135  0.00804999
          15     14.6626    0.291277  0.00752067
          16     14.9948    0.291816  0.00710595
          17     15.3211    0.292682  0.00712628
          18     14.4765    0.292513  0.00760291
          19     14.9095    0.292817   0.0078699
          20      14.692    0.292875  0.00815617
           1      13.409     0.26818           0
           2     13.5113    0.269209   0.0120645
           3     13.0875    0.266783   0.0301903
           4     13.6044    0.268158   0.0281559
           5     13.9687    0.270401   0.0219092
           6     13.3978    0.269994   0.0179066
           7     13.1787    0.269091   0.0165557
           8     13.3643    0.268866   0.0144184
           9     13.4036    0.268788   0.0137645
          10     13.6792    0.269273   0.0127501
          11     13.6077    0.269535   0.0115553
          12     13.2756    0.269206   0.0112385
          13      13.577    0.269399   0.0117279
          14     13.6517    0.269664     0.01137
          15     13.5269    0.269723   0.0105977
          16     13.7176    0.270016   0.0101441
          17     13.6171    0.270161   0.0101031
          18     13.5698    0.270234  0.00983117
          19     13.1661    0.269872  0.00941542
          20     13.5234    0.269904  0.00903036
           1     12.3507    0.247014           0
           2     12.3348    0.246863   0.0125368
           3     12.2974    0.246625   0.0267647
           4     12.4044    0.246997   0.0198013
           5     12.5635    0.247853   0.0155323
           6      12.382    0.247818   0.0127432
           7     12.2691    0.247483   0.0123461
           8     12.1522    0.246929   0.0109041
           9     12.4436    0.247145   0.0096248
          10     12.7481    0.247933  0.00905011
          11     12.4465    0.248024    0.008305
          12     12.3036    0.247862   0.0076662
          13     12.1039    0.247424  0.00757429
          14     12.2545    0.247261   0.0073298
          15     12.5707    0.247539  0.00707515
          16      12.631    0.247859  0.00671145
          17     12.3734    0.247865  0.00865559
          18     12.0987    0.247543  0.00861276
          19      12.516    0.247689  0.00816025
          20     12.2137    0.247519  0.00778715
           1     11.8397    0.236795           0
           2     11.6015    0.234423   0.0105414
           3     11.4467    0.232634   0.0207638
           4     11.4296    0.231641   0.0180728
           5     11.5775    0.231624   0.0141175
           6      11.635    0.231804    0.011667
           7     11.6117     0.23189   0.0127237
           8     11.3206     0.23121   0.0113317
           9     11.6762    0.231467  0.00999392
          10     11.8097    0.231942  0.00906428
          11     11.3899    0.231566  0.00833416
          12      11.523    0.231477  0.00789572
          13     11.4007    0.231212  0.00738737
          14     11.5102     0.23114  0.00685407
          15     11.4653    0.231018  0.00638331
          16     11.5865    0.231064  0.00603705
          17     11.3623    0.230839  0.00568974
          18     11.1939    0.230453  0.00546586
          19     11.5638    0.230496  0.00519185
          20     11.5341    0.230506  0.00492905
           1      10.863     0.21726           0
           2      10.791    0.216545  0.00705767
           3     10.5992    0.215044   0.0133391
           4     10.5703    0.214151   0.0132606
           5     10.8364    0.214667   0.0102717
           6     10.7292    0.214655  0.00874201
           7     10.6272    0.214358  0.00798112
           8     10.2575    0.213208  0.00691767
           9     10.6198    0.213119  0.00626101
          10     10.8354    0.213479  0.00569665
          11     10.2344    0.212681  0.00550171
          12     10.5678    0.212573  0.00538751
          13     10.8286    0.212896  0.00659706
          14     10.6856    0.212955   0.0061365
          15     10.6458    0.212952  0.00571978
          16      10.846    0.213202  0.00542879
          17     10.5053    0.213023  0.00542324
          18     10.5364    0.212896  0.00519706
          19     10.9027    0.213169  0.00498075
          20      10.897    0.213408  0.00472737
           1     10.0746    0.201492           0
           2     9.93245    0.200078  0.00779418
           3     9.87312    0.199219   0.0100517
           4     9.86239     0.19874    0.010329
           5     9.98466    0.198932  0.00814758
           6     9.91228    0.198817  0.00665268
           7     9.67262    0.198052  0.00566009
           8     9.88842    0.198017  0.00491742
           9      9.8072    0.197816  0.00519588
          10      9.8325    0.197702  0.00502934
          11     9.76291    0.197483  0.00482868
          12      9.6158    0.197053  0.00457672
          13     9.61504    0.196703  0.00539885
          14     9.85631    0.196734  0.00507955
          15     10.0619    0.197037  0.00502338
          16     9.82968    0.197013  0.00495435
          17     9.91749    0.197093   0.0047457
          18     9.67483    0.196893  0.00447888
          19     9.87158    0.196923  0.00434639
          20     9.80329    0.196881   0.0041557
