           1    -1.00423    -1.00423           0
           2    -1.00486    -1.00455  0.00031716
           3     -1.0041     -1.0044 0.000235319
           4    -1.00283    -1.00401 0.000426351
           5   -0.997541    -1.00271  0.00133451
           6    -0.99529    -1.00148  0.00164866
           7    -1.00319    -1.00172  0.00141473
           8     -1.0078    -1.00248  0.00144148
           9   -0.998474    -1.00204  0.00134696
          10   -0.995579    -1.00139  0.00136686
          11    -1.01245    -1.00239  0.00159341
          12   -0.998098    -1.00204    0.001498
          13   -0.998876    -1.00179  0.00139924
          14    -1.00031    -1.00169  0.00129975
          15   -0.991546    -1.00101   0.0013861
          16    -1.00847    -1.00148  0.00137787
          17     -1.0094    -1.00194  0.00137568
          18    -1.00087    -1.00188  0.00129838
          19    -1.00754    -1.00218  0.00126374
          20    -1.00086    -1.00212  0.00120072
           1    -0.96111    -0.96111           0
           2   -0.962951   -0.962031  0.00092032
           3   -0.946475   -0.956845  0.00521243
           4   -0.956438   -0.956744  0.00368715
           5   -0.960725    -0.95754    0.002965
           6   -0.956117   -0.957303  0.00243251
           7   -0.952168   -0.956569  0.00218277
           8   -0.964326   -0.957539  0.00212452
           9   -0.960596   -0.957878  0.00190418
          10   -0.961559   -0.958246  0.00174246
          11   -0.971216   -0.959426  0.00196834
          12   -0.964917   -0.959883   0.0018542
          13    -0.95951   -0.959854  0.00170585
          14   -0.964228   -0.960167  0.00160992
          15   -0.959655   -0.960133  0.00149914
          16   -0.970065   -0.960753  0.00153357
          17   -0.966632   -0.961099  0.00148146
          18   -0.971803   -0.961694  0.00151806
          19   -0.963753   -0.961802  0.00144002
          20   -0.981017   -0.962763  0.00167012
           1   -0.917678   -0.917678           0
           2   -0.917994   -0.917836  0.00015792
           3   -0.919699   -0.918457 0.000627829
           4   -0.902611   -0.914496  0.00398621
           5   -0.918586   -0.915314  0.00319422
           6   -0.907063   -0.913938  0.00294838
           7   -0.914574   -0.914029  0.00249349
           8   -0.914572   -0.914097  0.00216049
           9    -0.91336   -0.914015  0.00190713
          10   -0.916293   -0.914243  0.00172093
          11   -0.913752   -0.914198  0.00155728
          12   -0.918586   -0.914564  0.00146786
          13   -0.914973   -0.914595   0.0013506
          14   -0.913039   -0.914484  0.00125535
          15   -0.905769   -0.913903  0.00130514
          16   -0.915183   -0.913983  0.00122346
          17   -0.913142   -0.913934  0.00115031
          18   -0.918211   -0.914171  0.00111025
          19   -0.911801   -0.914047  0.00105757
          20   -0.920001   -0.914344  0.00104654
           1   -0.860942   -0.860942           0
           2   -0.866819    -0.86388  0.00293848
           3   -0.862795   -0.863519  0.00173463
           4   -0.856714   -0.861817  0.00209725
           5   -0.860507   -0.861555  0.00164552
           6   -0.860314   -0.861348  0.00135941
           7    -0.85965   -0.861106  0.00117426
           8   -0.865607   -0.861668  0.00116223
           9   -0.865477   -0.862092  0.00110891
          10   -0.862516   -0.862134 0.000992747
          11   -0.864767   -0.862373 0.000929317
          12   -0.864696   -0.862567 0.000870147
          13   -0.863106   -0.862608 0.000801494
          14   -0.857707   -0.862258 0.000820483
          15   -0.848276   -0.861326  0.00120515
          16   -0.862827    -0.86142  0.00113121
          17    -0.86389   -0.861565  0.00107248
          18   -0.860863   -0.861526   0.0010119
          19   -0.861864   -0.861544 0.000957325
          20   -0.859653    -0.86145 0.000913105
           1   -0.812762   -0.812762           0
           2   -0.811663   -0.812213  0.00054976
           3    -0.81366   -0.812695 0.000577344
           4   -0.813456   -0.812885 0.000450366
           5   -0.810414   -0.812391 0.000604909
           6   -0.812726   -0.812447 0.000497053
           7   -0.812424   -0.812444 0.000420099
           8    -0.81827   -0.813172 0.000814112
           9   -0.815358   -0.813415  0.00075794
          10   -0.815423   -0.813616 0.000707043
          11   -0.809448   -0.813237 0.000743334
          12   -0.821881   -0.813957 0.000989631
          13   -0.810692   -0.813706 0.000944329
          14   -0.818131   -0.814022 0.000929662
          15   -0.805169   -0.813432  0.00104755
          16   -0.815094   -0.813536 0.000985386
          17   -0.815926   -0.813676 0.000936224
          18   -0.812735   -0.813624 0.000884228
          19   -0.811653    -0.81352 0.000842807
          20   -0.818805   -0.813784 0.000842092
           1    -0.76514    -0.76514           0
           2   -0.769206   -0.767173  0.00203304
           3   -0.766445    -0.76693  0.00119859
           4   -0.766874   -0.766916 0.000847644
           5   -0.764447   -0.766422 0.000821621
           6   -0.766035   -0.766358 0.000673941
           7   -0.771094   -0.767034 0.000884448
           8   -0.769879    -0.76739 0.000844465
           9   -0.767178   -0.767366 0.000745122
          10    -0.76831   -0.767461   0.0006731
          11   -0.765664   -0.767297  0.00063036
          12   -0.770539   -0.767568 0.000635695
          13   -0.765597   -0.767416 0.000604081
          14    -0.77063   -0.767646 0.000604542
          15   -0.763807    -0.76739 0.000618255
          16    -0.76827   -0.767445 0.000580934
          17   -0.767793   -0.767465 0.000546077
          18   -0.766447   -0.767409 0.000517946
          19   -0.768675   -0.767475 0.000494443
          20   -0.767578    -0.76748 0.000469098
           1   -0.723256   -0.723256           0
           2   -0.726649   -0.724952  0.00169644
           3   -0.729577   -0.726494  0.00182653
           4   -0.723619   -0.725775  0.00147804
           5     -0.7241    -0.72544  0.00119292
           6   -0.724039   -0.725207  0.00100161
           7   -0.724136   -0.725054 0.000860229
           8   -0.730341   -0.725715 0.000995859
           9   -0.721705   -0.725269 0.000984805
          10   -0.728595   -0.725602 0.000941541
          11   -0.719163   -0.725016  0.00103342
          12   -0.728878   -0.725338 0.000996762
          13   -0.728081   -0.725549 0.000940859
          14   -0.727942    -0.72572 0.000887681
          15   -0.719498   -0.725305 0.000924656
          16   -0.727533   -0.725444 0.000876071
          17   -0.725041   -0.725421 0.000823268
          18   -0.726633   -0.725488 0.000779099
          19   -0.724038   -0.725412 0.000740898
          20   -0.727065   -0.725494  0.00070772
           1   -0.684708   -0.684708           0
           2   -0.686365   -0.685536  0.00082872
           3   -0.684658   -0.685243 0.000560999
           4   -0.682876   -0.684652 0.000712413
           5   -0.680214   -0.683764    0.001045
           6   -0.685276   -0.684016 0.000889659
           7   -0.684802   -0.684128 0.000760226
           8   -0.686011   -0.684364 0.000699187
           9    -0.68574   -0.684517 0.000635296
          10   -0.684342   -0.684499 0.000568493
          11   -0.685949   -0.684631 0.000530845
          12   -0.686467   -0.684784  0.00050817
          13   -0.687878   -0.685022 0.000524545
          14   -0.687244   -0.685181 0.000510907
          15   -0.682564   -0.685006 0.000506613
          16   -0.686313   -0.685088 0.000480878
          17   -0.682266   -0.684922 0.000481243
          18   -0.684403   -0.684893 0.000454634
          19   -0.685866   -0.684944 0.000433078
          20   -0.689317   -0.685163 0.000465415
           1   -0.649842   -0.649842           0
           2   -0.648995   -0.649419  0.00042356
           3   -0.646073   -0.648303  0.00114179
           4   -0.646134   -0.647761 0.000972682
           5   -0.645729   -0.647355  0.00085608
           6   -0.648514   -0.647548  0.00072521
           7   -0.651064    -0.64805  0.00079244
           8   -0.647625   -0.647997 0.000688328
           9   -0.651863   -0.648426 0.000743658
          10   -0.647328   -0.648317 0.000674155
          11   -0.649888   -0.648459 0.000626298
          12    -0.64938   -0.648536 0.000576857
          13   -0.650707   -0.648703 0.000556276
          14   -0.651693   -0.648917 0.000557542
          15   -0.648848   -0.648912 0.000519064
          16   -0.647472   -0.648822 0.000493812
          17   -0.646026   -0.648658  0.00049216
          18    -0.64814   -0.648629 0.000464905
          19   -0.652542   -0.648835 0.000485595
          20    -0.65385   -0.649086 0.000524513
           1   -0.615268   -0.615268           0
           2   -0.615034   -0.615151  0.00011688
           3   -0.611471   -0.613924  0.00122852
           4   -0.612682   -0.613614 0.000922551
           5   -0.613582   -0.613608 0.000714633
           6   -0.616748   -0.614131 0.000783828
           7   -0.618854   -0.614806 0.000945581
           8   -0.616099   -0.614967 0.000834712
           9   -0.618678    -0.61538 0.000843715
          10   -0.612432   -0.615085 0.000810182
          11   -0.615213   -0.615096  0.00073293
          12   -0.616582    -0.61522 0.000680421
          13   -0.616575   -0.615324 0.000634511
          14    -0.61459   -0.615272 0.000589783
          15    -0.61496   -0.615251 0.000549451
          16   -0.615881   -0.615291 0.000515471
          17   -0.612958   -0.615153 0.000503261
          18   -0.614034   -0.615091 0.000478539
          19   -0.617522   -0.615219 0.000470385
          20   -0.620876   -0.615502 0.000528321
           1   -0.586623   -0.586623           0
           2   -0.585611   -0.586117  0.00050604
           3     -0.5823   -0.584844  0.00130532
           4   -0.581949    -0.58412  0.00117306
           5    -0.58457    -0.58421 0.000913091
           6   -0.585114   -0.584361 0.000760592
           7   -0.588554    -0.58496 0.000878679
           8   -0.585693   -0.585052 0.000766447
           9   -0.585034    -0.58505 0.000675946
          10   -0.582711   -0.584816 0.000648256
          11   -0.583257   -0.584674 0.000603248
          12   -0.584472   -0.584657 0.000550946
          13   -0.587209   -0.584853 0.000543474
          14   -0.586401   -0.584964 0.000515158
          15   -0.582659    -0.58481 0.000503598
          16   -0.583924   -0.584755 0.000474319
          17    -0.58083   -0.584524 0.000501799
          18   -0.585528    -0.58458  0.00047638
          19   -0.586433   -0.584677 0.000461048
          20   -0.587088   -0.584798 0.000453685
           1   -0.557029   -0.557029           0
           2   -0.557263   -0.557146  0.00011716
           3   -0.552614   -0.555635  0.00151225
           4   -0.553387   -0.555073  0.00120802
           5   -0.554555    -0.55497 0.000941445
           6    -0.55808   -0.555488 0.000927138
           7   -0.560707   -0.556234  0.00108163
           8   -0.555603   -0.556155 0.000940028
           9   -0.558598   -0.556426 0.000872351
          10   -0.554078   -0.556192 0.000814834
          11   -0.554998   -0.556083 0.000744989
          12   -0.555437   -0.556029 0.000682205
          13   -0.560622   -0.556383 0.000720145
          14   -0.558938   -0.556565 0.000691254
          15   -0.555949   -0.556524 0.000644833
          16   -0.555051   -0.556432 0.000610167
          17   -0.556006   -0.556407   0.0005737
          18    -0.55542   -0.556352 0.000543658
          19   -0.556559   -0.556363 0.000514364
          20   -0.556164   -0.556353  0.00048807
           1   -0.529983   -0.529983           0
           2    -0.53292   -0.531452  0.00146864
           3   -0.527516    -0.53014  0.00156219
           4   -0.528399   -0.529704  0.00118729
           5   -0.530787   -0.529921 0.000944825
           6   -0.532558   -0.530361 0.000887872
           7   -0.533658   -0.530832 0.000886021
           8   -0.531311   -0.530891  0.00076965
           9   -0.530761   -0.530877 0.000678922
          10   -0.528947   -0.530684 0.000637178
          11   -0.528137   -0.530453  0.00062111
          12   -0.528576   -0.530296 0.000588155
          13   -0.531309   -0.530374 0.000546609
          14   -0.531019    -0.53042 0.000508155
          15   -0.530161   -0.530403 0.000473383
          16   -0.526953   -0.530187 0.000492505
          17    -0.52767   -0.530039 0.000485742
          18   -0.528971    -0.52998 0.000461792
          19   -0.528113   -0.529882 0.000447725
          20   -0.531384   -0.529957 0.000431337
           1   -0.504412   -0.504412           0
           2   -0.508022   -0.506217   0.0018054
           3   -0.503118   -0.505184  0.00146741
           4   -0.505434   -0.505247   0.0010395
           5   -0.505436   -0.505285 0.000806087
           6   -0.506713   -0.505523 0.000699907
           7   -0.509352    -0.50607 0.000805724
           8    -0.50829   -0.506347 0.000750962
           9   -0.505287   -0.506229 0.000672691
          10   -0.503736    -0.50598 0.000651279
          11   -0.506813   -0.506056 0.000593951
          12   -0.504789    -0.50595 0.000552388
          13   -0.508649   -0.506158 0.000548892
          14   -0.507629   -0.506263 0.000518922
          15   -0.507196   -0.506325 0.000487081
          16   -0.504936   -0.506238 0.000463827
          17   -0.504779   -0.506152 0.000444066
          18    -0.50492   -0.506084 0.000424232
          19   -0.506096   -0.506085 0.000401284
          20     -0.5052    -0.50604 0.000383253
           1    -0.48134    -0.48134           0
           2   -0.484971   -0.483156  0.00181552
           3   -0.483006   -0.483106  0.00104938
           4   -0.481997   -0.482829 0.000792091
           5   -0.481549   -0.482573 0.000664784
           6   -0.484655    -0.48292 0.000644291
           7   -0.486024   -0.483363 0.000702297
           8   -0.482959   -0.483313 0.000610308
           9   -0.485074   -0.483508 0.000572713
          10   -0.482101   -0.483368 0.000531222
          11   -0.484491    -0.48347 0.000491236
          12   -0.481818   -0.483332 0.000469087
          13   -0.486522   -0.483578 0.000496399
          14   -0.484462   -0.483641 0.000463896
          15   -0.482627   -0.483573 0.000437122
          16   -0.482541   -0.483509 0.000413946
          17   -0.481825    -0.48341 0.000401244
          18   -0.484023   -0.483444 0.000379828
          19    -0.48234   -0.483386 0.000363945
          20   -0.481739   -0.483303 0.000354954
           1   -0.461922   -0.461922           0
           2   -0.464018    -0.46297  0.00104824
           3   -0.460974   -0.462305 0.000899331
           4   -0.461672   -0.462146 0.000655318
           5   -0.461336   -0.461984 0.000532877
           6   -0.463126   -0.462174 0.000474883
           7   -0.462457   -0.462215 0.000403371
           8    -0.46429   -0.462474 0.000435113
           9   -0.465246   -0.462782 0.000492008
          10   -0.461355   -0.462639 0.000462615
          11   -0.465765   -0.462924  0.00050578
          12    -0.46304   -0.462933 0.000461813
          13    -0.46551   -0.463131 0.000468764
          14   -0.464995   -0.463265 0.000453938
          15   -0.464154   -0.463324  0.00042673
          16   -0.462692   -0.463284 0.000401118
          17    -0.46523   -0.463399 0.000393781
          18   -0.464006   -0.463433 0.000372788
          19   -0.461245   -0.463317 0.000370945
          20   -0.461956   -0.463249 0.000358428
