           1     12.5316    0.250632           0
           2     13.1203    0.256539    0.133352
           3     12.2977    0.253019   0.0994278
           4     13.1525    0.255619    0.170298
           5     17.7596    0.276871    0.514974
           6     17.7709    0.291493    0.639192
           7     12.5036    0.285648     0.54804
           8     10.5843     0.27721    0.559378
           9     17.0227    0.284554    0.522176
          10     17.4588    0.291767    0.530479
          11     6.39767    0.278896    0.618362
          12     16.9143    0.284127    0.581189
          13     15.9052    0.286882    0.542938
          14     14.3827    0.286966    0.504435
          15     20.3253    0.296216    0.537567
          16     9.40338    0.290109    0.534323
          17     8.97053    0.284293    0.533552
          18     15.9985    0.286287    0.503517
          19     10.7379    0.282841    0.490192
          20     15.1044     0.28382     0.46574
           1     26.7254    0.534508           0
           2     24.1137    0.508509    0.219876
           3     23.3889    0.502401     1.39411
           4        25.7    0.505305    0.986077
           5     23.3123    0.497845    0.790666
           6     25.4919    0.499883    0.648458
           7     25.0547    0.500504    0.581499
           8     22.3115    0.494634    0.563108
           9     24.4364    0.494106    0.504676
          10     25.8219    0.496508    0.462418
          11     22.3999    0.494029    0.521595
          12     23.0931    0.491669    0.490953
          13     24.2566    0.491167    0.451685
          14     23.6698    0.490074    0.426187
          15     25.3261    0.491173     0.39684
          16     22.7511    0.489716    0.405901
          17     22.7959    0.487994    0.391893
          18     22.2778    0.486471    0.401579
          19      23.292    0.485415    0.380878
          20     20.5805     0.48416    0.442599
           1     25.2919    0.505838           0
           2     26.4455    0.517377   0.0411212
           3     28.4694    0.534793    0.135919
           4     26.7137    0.539467    0.742646
           5     24.9882    0.531799    0.593269
           6     27.5577     0.53599    0.546277
           7     29.8444    0.544694      0.4624
           8     26.4459    0.542726    0.400593
           9     28.8268    0.546488    0.353477
          10     26.6987    0.545284    0.318845
          11     25.7708    0.542571    0.288618
          12     24.4336    0.538229    0.271109
          13      26.411    0.537461    0.249437
          14     24.4361    0.533996      0.2322
          15     26.8962     0.53474    0.241502
          16     26.2536    0.534146    0.226359
          17      26.093    0.533427     0.21286
          18     27.3995    0.534334    0.205722
          19     24.0504    0.531556     0.19633
          20     27.6423    0.532792    0.194721
           1      25.104     0.50208           0
           2     25.8861    0.510575    0.404538
           3     24.1823    0.501619    0.240596
           4     24.7695     0.50074    0.286266
           5     24.8051    0.499834    0.224675
           6     29.1114    0.513583    0.183989
           7     25.4244    0.512883    0.159038
           8     24.6487    0.510567    0.156084
           9     26.5256    0.512895    0.149893
          10     25.2125    0.512032    0.134157
          11     27.4641    0.515463    0.126486
          12     24.8196    0.513906    0.118043
          13     24.0601    0.511392    0.108627
          14     24.4002    0.509846    0.111755
          15     23.7415    0.508462    0.164121
          16     23.8394    0.506493     0.15389
          17     25.9524    0.507258    0.145977
          18     25.2927    0.507182    0.137732
          19     25.6854    0.507526     0.13031
          20     24.1845    0.506347    0.124403
           1     24.6213    0.492426           0
           2     23.7399    0.483631   0.0639494
           3     23.1388    0.476708   0.0555178
           4     22.8828    0.471952   0.0417912
           5     22.9627    0.469472   0.0613106
           6     22.8924    0.467536    0.050194
           7     23.6332    0.468269   0.0424236
           8     23.2295    0.468038   0.0816045
           9     24.5577    0.470636   0.0768616
          10     23.8101    0.471215   0.0718112
          11     22.9317     0.47016   0.0758199
          12     23.7845    0.470973    0.100729
          13     22.9897     0.47016   0.0962491
          14     22.5758    0.468908   0.0941891
          15     24.6325    0.470792    0.104813
          16     24.0336     0.47142   0.0986654
          17      23.724    0.471619   0.0937802
          18      23.063    0.471046   0.0886086
          19     22.5819    0.470037   0.0845915
          20     23.6186    0.470235   0.0845908
           1     21.7897    0.435794           0
           2      21.982    0.437924    0.157923
           3       20.95    0.431622   0.0945199
           4     22.4208    0.435821   0.0669089
           5     22.1385    0.437259    0.063354
           6     21.7092    0.436748   0.0520149
           7     23.3584    0.441231   0.0714844
           8     20.9529    0.438503   0.0666008
           9     21.5496    0.437669    0.058796
          10     22.7031    0.439312   0.0533338
          11      22.197    0.439746   0.0497363
          12     21.0514    0.438227   0.0493022
          13     21.9634    0.438321   0.0467971
          14     22.7026    0.439478   0.0472204
          15     21.8604    0.439373   0.0481935
          16     21.7346    0.439083    0.045252
          17     22.2479    0.439429   0.0425501
          18     21.6407    0.439064   0.0403919
          19     21.4405    0.438528   0.0384806
          20      20.786    0.437388   0.0365135
           1     21.1658    0.423315           0
           2     20.1546    0.413323   0.0915503
           3     20.1511    0.410086    0.103728
           4     20.3829    0.409543   0.0853678
           5     21.0346    0.411791   0.0684927
           6     20.3617    0.411043   0.0578362
           7     19.4364    0.407861   0.0504166
           8     19.8568    0.406647   0.0581538
           9     20.3441    0.406738   0.0577867
          10     20.2921     0.40669   0.0553832
          11     20.7711    0.407625    0.060634
          12     19.9875    0.407016   0.0584189
          13     21.4828     0.40878   0.0556382
          14     20.4211     0.40877   0.0525196
          15     20.5445    0.409011   0.0547494
          16     20.6017    0.409212    0.051922
          17     20.6402    0.409423   0.0487873
          18     20.5952    0.409564   0.0461865
          19     20.5728    0.409668   0.0439166
          20     20.2541    0.409444   0.0419308
           1     19.3223    0.386446           0
           2     18.9334    0.382581   0.0355722
           3      18.921      0.3812    0.025625
           4     19.0105    0.380989   0.0336575
           5      18.917    0.380569   0.0499394
           6     18.7012    0.379489   0.0422039
           7     19.3078    0.380444   0.0362186
           8      19.215     0.38094   0.0334711
           9     18.5263    0.379789   0.0301461
          10     18.5897     0.37899   0.0270125
          11     19.0536    0.379185    0.025274
          12     17.6194    0.376961   0.0236186
          13      19.151     0.37745    0.024729
          14     18.8036    0.377363   0.0240808
          15     18.6085    0.377032   0.0240228
          16     18.8564    0.377041   0.0228063
          17     19.5909    0.377926   0.0225418
          18     19.2015    0.378265   0.0212776
          19     18.5948    0.377932   0.0202361
          20     18.3103    0.377377   0.0215769
           1     17.2924    0.345848           0
           2      17.441     0.34734   0.0147935
           3     17.5675     0.34875   0.0422903
           4     17.2373    0.347775   0.0369947
           5      17.112    0.346688   0.0331492
           6     17.4599    0.347112   0.0281758
           7     17.2499    0.346854    0.030464
           8     17.7894    0.347972   0.0263987
           9     17.8065    0.348922   0.0290828
          10     17.3836      0.3488   0.0263714
          11     17.9071    0.349655   0.0246809
          12     17.3706     0.34947    0.022699
          13     17.1757    0.349022   0.0217142
          14     17.4365    0.349019   0.0217107
          15     17.6763    0.349319   0.0202119
          16     17.3708    0.349204    0.019241
          17     17.7535    0.349562   0.0190304
          18     17.8619    0.349989   0.0179549
          19     17.4922    0.350004   0.0187405
          20     17.0134    0.349552   0.0200093
           1     15.9176    0.318352           0
           2     16.1871    0.321047 0.000976152
           3     16.4011    0.323449   0.0360718
           4     16.0764    0.322976   0.0274709
           5     16.5595    0.324619   0.0213278
           6     15.9868     0.32384   0.0233907
           7     15.6951     0.32249   0.0279849
           8     16.1574    0.322577   0.0247791
           9     15.8588    0.322011   0.0251143
          10     16.0902    0.322011   0.0242954
          11     15.7898    0.321446   0.0219769
          12     15.4964     0.32049   0.0202749
          13     15.9891    0.320439   0.0189262
          14     16.4609    0.321067   0.0175519
          15     15.9418    0.320918   0.0163596
          16     16.7309    0.321775   0.0154455
          17     16.3814    0.322127    0.015038
          18     16.4413    0.322501   0.0142656
          19     16.0806    0.322462   0.0140677
          20     15.8091    0.322187     0.01588
           1     14.7848    0.295696           0
           2     14.9904    0.297757   0.0111295
           3     14.4416    0.294854   0.0365821
           4     14.7495    0.294923   0.0319434
           5     15.0118    0.295986   0.0249756
           6     14.8401    0.296125   0.0207907
           7     14.8067    0.296174   0.0235094
           8     14.8092    0.296176   0.0204988
           9     14.5945      0.2957   0.0180859
          10     14.8232    0.295788   0.0172517
          11     14.8694    0.295937   0.0159998
          12     14.6714    0.295728   0.0146201
          13     14.9777    0.296033   0.0144945
          14     15.0561      0.2964   0.0138052
          15      14.571    0.296075   0.0135584
          16     15.2845    0.296677   0.0127104
          17     15.0276    0.296924    0.013253
          18     15.0653    0.297169   0.0126095
          19     15.3647    0.297706   0.0123165
          20     14.7608    0.297587    0.012067
           1      13.533    0.270661           0
           2     13.6665    0.271996  0.00388469
           3     13.6127    0.272171   0.0327428
           4     13.3768    0.271031   0.0267181
           5      14.221    0.273709   0.0207003
           6     13.5782    0.273378    0.020119
           7      13.718    0.273583   0.0236228
           8     13.5356    0.273225   0.0205624
           9     13.8547    0.273667   0.0192114
          10     13.8418    0.273993   0.0178352
          11      13.546    0.273716   0.0163463
          12      13.356    0.273167   0.0150206
          13     13.5239    0.272989   0.0157211
          14     13.6898    0.273055   0.0151036
          15     13.5316    0.272894   0.0141002
          16     13.9693    0.273303   0.0132853
          17     14.0129    0.273712   0.0124801
          18     13.9087    0.273961   0.0118041
          19     13.5884    0.273845   0.0111662
          20      13.647      0.2738   0.0105964
           1     12.2491    0.244983           0
           2     12.4413    0.246941   0.0289338
           3     12.2795     0.24655   0.0296478
           4     12.6794     0.24832   0.0218655
           5     12.6087    0.249094   0.0175892
           6      12.912    0.250635   0.0172775
           7     12.1828    0.249661   0.0164975
           8     12.5928    0.249936   0.0143532
           9     12.5275    0.250004   0.0126599
          10     12.5227    0.250055   0.0118503
          11     12.3355     0.24976   0.0116431
          12     12.6863    0.250095   0.0109268
          13     12.2937    0.249772    0.010112
          14     12.2895    0.249488  0.00937872
          15     12.5031    0.249526  0.00873558
          16     12.7587    0.249891  0.00892596
          17     12.6601    0.250092  0.00875372
          18     12.3593    0.249932   0.0083471
          19      12.454     0.24989  0.00810797
          20      12.768    0.250165  0.00786742
           1     11.6415     0.23283           0
           2     11.6398    0.232863   0.0281957
           3     11.4605    0.231678   0.0237612
           4     11.5274    0.231396    0.016816
           5      11.718    0.231989   0.0130793
           6     11.8845    0.232943   0.0116553
           7      11.457    0.232428   0.0127065
           8     11.4344    0.231968   0.0116677
           9     11.6259    0.232031   0.0104426
          10     11.6489    0.232134   0.0100805
          11     11.6451    0.232205  0.00920395
          12     11.5058    0.232033  0.00859724
          13     11.8292    0.232391  0.00868953
          14     11.7727    0.232612  0.00825779
          15     11.5989    0.232571  0.00774377
          16     11.6481    0.232597  0.00736495
          17     11.8636    0.232874   0.0069996
          18     11.3268    0.232523  0.00675048
          19     11.8616    0.232771   0.0063905
          20     11.5601    0.232693  0.00611113
           1      10.825    0.216501           0
           2     10.6373    0.214669   0.0224259
           3     10.8588    0.215504   0.0129487
           4     10.6634    0.214949   0.0101003
           5     10.5298    0.214082  0.00892226
           6      10.744    0.214223  0.00871528
           7     10.6693     0.21412  0.00939619
           8      10.385    0.213318  0.00827077
           9     10.8249    0.213675  0.00787887
          10     10.7879    0.213886  0.00724314
          11      10.417    0.213383  0.00660851
          12     10.5452     0.21318  0.00637065
          13     10.8815    0.213532  0.00689827
          14     10.6823    0.213541  0.00644355
          15     10.5201    0.213332   0.0061012
          16     10.7316    0.213414  0.00576049
          17     10.6427    0.213384  0.00557862
          18     10.7803    0.213507  0.00529146
          19     10.8291     0.21367   0.0050429
          20     11.0257    0.214014  0.00484394
           1     9.98908    0.199782           0
           2     9.98856     0.19979   0.0121298
           3     9.96398    0.199631   0.0105232
           4     9.80702    0.198759  0.00791601
           5     9.89399    0.198585  0.00646471
           6     10.0995    0.199154  0.00596028
           7     9.64093    0.198249  0.00505646
           8     9.87342    0.198158  0.00525623
           9     9.86682    0.198076  0.00579669
          10     10.0068    0.198284  0.00538162
          11     9.63051    0.197779   0.0056067
          12     9.96039    0.197898  0.00512343
          13     9.85097    0.197836  0.00521512
          14     9.90493    0.197858  0.00507495
          15      9.8576    0.197811  0.00476771
          16     9.91232    0.197839  0.00448047
          17     9.94597    0.197905  0.00443291
          18     9.78617    0.197784  0.00418809
          19     9.85732    0.197753  0.00419001
          20     10.0108    0.197878  0.00403008
