           1     -0.9648     -0.9648           0
           2   -0.979736   -0.972268    0.007468
           3   -0.977048   -0.973861  0.00459663
           4   -0.970704   -0.973072  0.00334478
           5   -0.970952   -0.972648  0.00262532
           6   -0.965792   -0.971505  0.00242911
           7   -0.968536   -0.971081  0.00209634
           8   -0.977184   -0.971844  0.00196924
           9   -0.977112   -0.972429   0.0018327
          10   -0.967216   -0.971908  0.00172012
          11   -0.979104   -0.972562  0.00168784
          12   -0.971568   -0.972479    0.001543
          13   -0.971688   -0.972418  0.00142066
          14    -0.96676   -0.972014  0.00137598
          15   -0.974648    -0.97219  0.00129294
          16    -0.97456   -0.972338  0.00121848
          17    -0.97472   -0.972478   0.0011531
          18   -0.975024    -0.97262  0.00109632
          19   -0.981856   -0.973106   0.0011453
          20    -0.98052   -0.973476  0.00114803
           1   -0.937416   -0.937416           0
           2   -0.942304    -0.93986    0.002444
           3   -0.942336   -0.940685  0.00163469
           4   -0.930664    -0.93818  0.00275913
           5   -0.928616   -0.936267  0.00286819
           6   -0.925528   -0.934477  0.00294753
           7    -0.92472   -0.933083  0.00285458
           8   -0.930944   -0.932816  0.00248656
           9   -0.936336   -0.933207  0.00222755
          10   -0.931152   -0.933002  0.00200295
          11   -0.938944   -0.933542  0.00189056
          12   -0.936304   -0.933772  0.00174112
          13   -0.929352   -0.933432  0.00163729
          14   -0.934384     -0.9335  0.00151736
          15   -0.932864   -0.933458  0.00141322
          16    -0.93444   -0.933519  0.00132337
          17   -0.936344   -0.933685  0.00125415
          18   -0.933736   -0.933688  0.00118243
          19   -0.944824   -0.934274  0.00126273
          20   -0.937672   -0.934444  0.00120992
           1   -0.893392   -0.893392           0
           2     -0.8934   -0.893396 3.99999e-06
           3   -0.899544   -0.895445  0.00204933
           4   -0.885664      -0.893  0.00284245
           5   -0.891856   -0.892771  0.00221361
           6   -0.887208   -0.891844  0.00203136
           7   -0.884136   -0.890743   0.0020396
           8    -0.89012   -0.890665  0.00176806
           9   -0.893264   -0.890954   0.0015858
          10   -0.894312    -0.89129  0.00145759
          11    -0.89052    -0.89122   0.0013203
          12   -0.899128   -0.891879  0.00137367
          13   -0.890552   -0.891777  0.00126771
          14   -0.888792   -0.891563  0.00119287
          15      -0.891   -0.891526  0.00111114
          16   -0.891584    -0.89153  0.00103938
          17   -0.893496   -0.891645  0.00098316
          18   -0.896144   -0.891895 0.000960036
          19   -0.897312    -0.89218 0.000951805
          20   -0.895912   -0.892367 0.000922039
           1   -0.850304   -0.850304           0
           2   -0.847464   -0.848884     0.00142
           3   -0.848104   -0.848624 0.000860078
           4   -0.844616   -0.847622  0.00117212
           5   -0.850232   -0.848144  0.00104729
           6    -0.84744   -0.848027 0.000863117
           7    -0.84904   -0.848171 0.000743692
           8   -0.855296   -0.849062  0.00109906
           9   -0.849304   -0.849089  0.00096965
          10   -0.851136   -0.849294 0.000891114
          11   -0.847872   -0.849164 0.000816337
          12    -0.85692   -0.849811 0.000986431
          13   -0.851456   -0.849937 0.000916169
          14   -0.848112   -0.849807 0.000858169
          15   -0.842568   -0.849324 0.000933356
          16   -0.851208   -0.849442 0.000880977
          17   -0.848704   -0.849399 0.000828672
          18   -0.845408   -0.849177 0.000812125
          19   -0.848424   -0.849137 0.000769215
          20   -0.848392     -0.8491 0.000730692
           1   -0.803792   -0.803792           0
           2    -0.80512   -0.804456    0.000664
           3   -0.805016   -0.804643 0.000426392
           4   -0.800904   -0.803708 0.000982093
           5   -0.807432   -0.804453  0.00106463
           6   -0.803632   -0.804316 0.000879963
           7   -0.803936   -0.804262 0.000745683
           8   -0.806336   -0.804521 0.000695889
           9    -0.80076   -0.804103 0.000742482
          10   -0.805872    -0.80428  0.00068725
          11   -0.802384   -0.804108 0.000645095
          12   -0.810184   -0.804614 0.000776655
          13   -0.801688   -0.804389 0.000749035
          14    -0.80828   -0.804667 0.000747095
          15   -0.802344   -0.804512 0.000712539
          16    -0.80576    -0.80459 0.000671067
          17   -0.804568   -0.804589 0.000630359
          18   -0.803544   -0.804531 0.000597136
          19   -0.804856   -0.804548 0.000565093
          20   -0.808184    -0.80473 0.000566085
           1   -0.760272   -0.760272           0
           2   -0.763704   -0.761988    0.001716
           3   -0.762272   -0.762083 0.000995246
           4   -0.756944   -0.760798   0.0014648
           5   -0.764792   -0.761597  0.00138761
           6   -0.759352   -0.761223  0.00119315
           7   -0.764248   -0.761655  0.00109711
           8   -0.765224   -0.762101  0.00104966
           9   -0.760888   -0.761966 0.000935473
          10   -0.766408    -0.76241 0.000947302
          11   -0.761224   -0.762303 0.000863628
          12   -0.765328   -0.762555 0.000827714
          13   -0.759048   -0.762285 0.000807756
          14   -0.761832   -0.762253 0.000748536
          15   -0.758632   -0.762011 0.000737468
          16   -0.760584   -0.761922 0.000695581
          17   -0.760264   -0.761824 0.000660624
          18   -0.760184   -0.761733 0.000629475
          19   -0.761968   -0.761746 0.000595551
          20   -0.764424    -0.76188 0.000580643
           1   -0.716824   -0.716824           0
           2   -0.725344   -0.721084     0.00426
           3     -0.7232   -0.721789  0.00255865
           4   -0.719896   -0.721316  0.00187013
           5   -0.720624   -0.721178  0.00145519
           6   -0.721008   -0.721149   0.0011885
           7    -0.72004   -0.720991  0.00101689
           8   -0.724264     -0.7214 0.000971053
           9    -0.71948   -0.721187  0.00088256
          10   -0.724792   -0.721547 0.000867821
          11   -0.717112   -0.721144 0.000882471
          12   -0.720992   -0.721131 0.000805681
          13    -0.72008    -0.72105 0.000745518
          14   -0.721432   -0.721078 0.000690754
          15      -0.719   -0.720939 0.000657806
          16   -0.719352    -0.72084 0.000623266
          17   -0.718608   -0.720709 0.000599998
          18    -0.72032   -0.720687 0.000566095
          19   -0.720416   -0.720673 0.000535663
          20   -0.722984   -0.720788 0.000521147
           1    -0.68124    -0.68124           0
           2   -0.687584   -0.684412    0.003172
           3    -0.68164   -0.683488  0.00205125
           4   -0.679616    -0.68252   0.0017438
           5   -0.680776   -0.682171  0.00139505
           6   -0.683456   -0.682385  0.00115901
           7   -0.683032   -0.682478 0.000983887
           8   -0.682872   -0.682527 0.000853495
           9   -0.683016   -0.682581  0.00075467
          10   -0.682624   -0.682586 0.000675011
          11    -0.68404   -0.682718 0.000624722
          12   -0.680608   -0.682542 0.000596778
          13    -0.68208   -0.682506 0.000550105
          14     -0.6842   -0.682627 0.000523467
          15   -0.682328   -0.682607  0.00048773
          16   -0.684216   -0.682708 0.000467175
          17   -0.679976   -0.682547 0.000467335
          18   -0.681584   -0.682494 0.000443846
          19    -0.68384   -0.682565 0.000425773
          20   -0.686232   -0.682748 0.000443597
           1   -0.644944   -0.644944           0
           2    -0.64952   -0.647232    0.002288
           3   -0.645576    -0.64668  0.00143167
           4   -0.644752   -0.646198  0.00112123
           5   -0.645272   -0.646013 0.000888031
           6   -0.646888   -0.646159 0.000739601
           7   -0.648448   -0.646486 0.000705465
           8   -0.644312   -0.646214 0.000668648
           9   -0.648232   -0.646438 0.000630882
          10    -0.64628   -0.646422   0.0005645
          11   -0.647552   -0.646525 0.000520833
          12   -0.644472   -0.646354   0.0005053
          13   -0.648792   -0.646542 0.000501216
          14       -0.65   -0.646789 0.000525694
          15    -0.64508   -0.646675 0.000502475
          16   -0.646608   -0.646671 0.000470041
          17   -0.644568   -0.646547 0.000458521
          18   -0.644304   -0.646422 0.000449897
          19   -0.649456   -0.646582 0.000454529
          20   -0.646216   -0.646564 0.000431592
           1    -0.61288    -0.61288           0
           2   -0.613784   -0.613332    0.000452
           3   -0.611368   -0.612677 0.000704762
           4   -0.612352   -0.612596 0.000504936
           5    -0.61032   -0.612141 0.000600153
           6     -0.6154   -0.612684 0.000731566
           7    -0.61784   -0.613421 0.000961673
           8    -0.61296   -0.613363 0.000834821
           9    -0.61472   -0.613514 0.000751523
          10   -0.610296   -0.613192 0.000745232
          11   -0.612384   -0.613119 0.000678078
          12    -0.61416   -0.613205 0.000625052
          13   -0.613112   -0.613198 0.000575009
          14   -0.611192   -0.613055 0.000551304
          15    -0.61356   -0.613089  0.00051434
          16   -0.611632   -0.612997 0.000489657
          17   -0.610384   -0.612844 0.000484965
          18   -0.612128   -0.612804 0.000458955
          19    -0.61396   -0.612865 0.000438371
          20   -0.615992   -0.613021 0.000444297
           1   -0.583896   -0.583896           0
           2   -0.584488   -0.584192    0.000296
           3   -0.581752   -0.583379 0.000831094
           4   -0.582008   -0.583036 0.000680278
           5    -0.58128   -0.582685 0.000633252
           6   -0.583864   -0.582881 0.000553141
           7   -0.584456   -0.583106 0.000518796
           8   -0.582784   -0.583066 0.000451093
           9    -0.58504   -0.583285 0.000454283
          10   -0.581872   -0.583144 0.000430202
          11   -0.582848   -0.583117 0.000390062
          12   -0.583544   -0.583153 0.000357849
          13   -0.584032    -0.58322 0.000336051
          14   -0.583896   -0.583269 0.000314844
          15   -0.583552   -0.583287 0.000293712
          16   -0.582336   -0.583228 0.000281104
          17   -0.581024   -0.583098 0.000294163
          18   -0.580744   -0.582968 0.000306635
          19   -0.585088   -0.583079 0.000310778
          20   -0.585568   -0.583204 0.000320016
           1     -0.5558     -0.5558           0
           2   -0.556816   -0.556308    0.000508
           3   -0.552584   -0.555067  0.00127551
           4   -0.551424   -0.554156  0.00128171
           5    -0.55412   -0.554149 0.000992834
           6    -0.55404   -0.554131 0.000810848
           7   -0.556592   -0.554482 0.000770234
           8   -0.555128   -0.554563 0.000671908
           9   -0.556784    -0.55481   0.0006419
          10   -0.553056   -0.554634 0.000600321
          11   -0.554136   -0.554589 0.000544898
          12   -0.552624   -0.554425 0.000523684
          13   -0.557632   -0.554672   0.0005412
          14    -0.55668   -0.554815 0.000521178
          15   -0.555136   -0.554837 0.000485661
          16   -0.553032   -0.554724 0.000468089
          17   -0.551976   -0.554562 0.000468465
          18    -0.55248   -0.554447 0.000456573
          19   -0.556056   -0.554531 0.000440102
          20   -0.555728   -0.554591 0.000421783
           1   -0.529416   -0.529416           0
           2     -0.5308   -0.530108    0.000692
           3   -0.525928   -0.528715  0.00144948
           4    -0.52736   -0.528376  0.00107944
           5   -0.527472   -0.528195 0.000855456
           6   -0.528616   -0.528265 0.000701989
           7   -0.530704   -0.528614 0.000688013
           8    -0.52792   -0.528527 0.000602113
           9   -0.528224   -0.528493  0.00053208
          10   -0.526536   -0.528298 0.000514586
          11     -0.5274   -0.528216 0.000472559
          12   -0.527576   -0.528163  0.00043467
          13    -0.53044   -0.528338  0.00043653
          14   -0.530096   -0.528463  0.00042321
          15   -0.529768    -0.52855 0.000403472
          16   -0.527296   -0.528472 0.000385471
          17   -0.522952   -0.528147 0.000486355
          18   -0.525752   -0.528014 0.000477458
          19   -0.527376   -0.527981 0.000452878
          20   -0.529088   -0.528036 0.000433191
           1   -0.504768   -0.504768           0
           2   -0.506424   -0.505596    0.000828
           3    -0.50212   -0.504437  0.00125341
           4   -0.501984   -0.503824  0.00107782
           5   -0.504416   -0.503942  0.00084323
           6   -0.504568   -0.504047 0.000696344
           7   -0.507624   -0.504558 0.000779438
           8   -0.506264   -0.504771 0.000707908
           9   -0.504576   -0.504749 0.000624692
          10    -0.50348   -0.504622 0.000572978
          11   -0.503832   -0.504551 0.000523236
          12   -0.502992   -0.504421  0.00049499
          13   -0.505768   -0.504524 0.000466971
          14   -0.504992   -0.504558  0.00043362
          15   -0.504848   -0.504577 0.000404142
          16   -0.503616   -0.504517 0.000382782
          17   -0.504256   -0.504502 0.000359889
          18   -0.503736   -0.504459 0.000341962
          19   -0.504984   -0.504487 0.000324641
          20   -0.504232   -0.504474 0.000308245
           1   -0.483424   -0.483424           0
           2   -0.484584   -0.484004     0.00058
           3   -0.481496   -0.483168 0.000900572
           4   -0.480648   -0.482538 0.000895776
           5   -0.482328   -0.482496 0.000695135
           6   -0.483608   -0.482681 0.000597068
           7   -0.484416   -0.482929 0.000562179
           8   -0.483448   -0.482994 0.000491162
           9      -0.484   -0.483106 0.000447354
          10   -0.482056   -0.483001 0.000413668
          11   -0.482072   -0.482916 0.000383585
          12   -0.481264   -0.482779 0.000376265
          13   -0.486696    -0.48308 0.000458908
          14    -0.48364    -0.48312 0.000426745
          15    -0.48344   -0.483141  0.00039785
          16   -0.481744   -0.483054 0.000382264
          17   -0.480936   -0.482929 0.000380075
          18   -0.481848   -0.482869  0.00036334
          19   -0.481344   -0.482789 0.000352937
          20   -0.482216    -0.48276 0.000336049
           1   -0.462192   -0.462192           0
           2   -0.463784   -0.462988    0.000796
           3    -0.46088   -0.462285  0.00083961
           4   -0.459856   -0.461678  0.00084931
           5   -0.460928   -0.461528 0.000674756
           6    -0.46156   -0.461533 0.000550962
           7   -0.462392   -0.461656 0.000481534
           8   -0.461952   -0.461693 0.000418659
           9    -0.46408   -0.461958 0.000454608
          10   -0.460392   -0.461802 0.000435735
          11   -0.463552   -0.461961 0.000425048
          12   -0.461128   -0.461891  0.00039417
          13   -0.466088   -0.462214 0.000485469
          14   -0.463272    -0.46229 0.000455764
          15   -0.464096    -0.46241  0.00044105
          16   -0.464616   -0.462548 0.000434991
          17   -0.461064   -0.462461 0.000417824
          18   -0.462456    -0.46246 0.000393928
          19   -0.460816   -0.462374 0.000382538
          20   -0.461552   -0.462333 0.000365227
