           1     4558.66     3.21356           0
           2     4549.96     3.90182    0.778371
           3     4523.86     4.23147    0.724428
           4     4445.42     5.01028     1.45256
           5     4239.05     5.65891     2.36697
           6     4365.34      10.961      5.8519
           7     4533.62     12.8338     5.16157
           8     4614.69     11.7467     4.76483
           9     4395.06     13.6583     4.64473
          10     4200.71     13.1714     4.18798
          11     4793.75     12.2141     4.19758
          12     4413.16     13.7872     4.14375
          13     4384.04     14.5108     3.88809
          14     4368.38     13.8514     3.65213
          15      4029.1        13.6     3.45519
          16     4692.56     12.9295     3.41975
          17     4718.84     12.3164      3.3797
          18     4465.13     12.3705     3.18586
          19     4633.52     11.9852     3.08208
          20     4322.77      11.808     2.92829
           1     2753.89     16.6902           0
           2     2691.63     15.7258     0.71063
           3     2364.83     26.4067     11.9741
           4     2605.76     25.9682     8.54983
           5     2653.19     23.8838     7.28014
           6     2611.26     23.4436     6.00336
           7     2549.87     24.1032     5.07413
           8     2783.34     24.0605       4.481
           9     2759.82     24.5374     3.95505
          10     2793.07     24.6338     3.56871
          11     3046.58     23.4662     3.89948
          12     2766.15     23.2861     3.59125
          13     2626.79     22.6925     3.36461
          14     2758.11     22.3659     3.16406
          15     2698.27      22.055     2.97559
          16     3014.92     21.5524     2.98812
          17     2887.55     21.3339     2.86147
          18     3032.02     20.8179     2.88185
          19     2780.81     20.7989     2.72895
          20      3390.8     20.5475     2.84477
           1     1699.47       15.68           0
           2     1713.91     15.9474    0.189602
           3      1765.7     17.2055    0.946598
           4     1404.99     17.0357      2.2308
           5     1690.22     16.2485     2.01456
           6     1486.24     16.0787     1.77086
           7     1662.33     16.1772     1.50018
           8     1593.89     16.1974     1.30523
           9     1690.88      16.617     1.18713
          10     1659.97     16.3337     1.12098
          11     1639.93     16.1396     1.03726
          12     1621.17     16.2575    0.955606
          13     1657.68     16.1567    0.892176
          14     1536.05     16.1671     0.85036
          15      1492.6     16.2659    0.855914
          16     1640.29     16.5237    0.830594
          17     1692.95     17.1818    0.962011
          18      1736.6      17.212    0.921944
          19     1496.48     17.3958    0.935157
          20     1807.81     17.5069     0.91012
           1     912.357     13.7754           0
           2     978.496     12.9869      1.6866
           3     879.036     13.0418     1.14604
           4     851.124     13.0509    0.941216
           5     949.658     13.4131    0.764009
           6     965.512     13.2716    0.731629
           7     887.306     13.2088    0.626185
           8     952.872     13.0965    0.591905
           9     1016.52     13.1518    0.588499
          10      934.76     13.0144    0.549513
          11     1036.85     13.0652    0.553436
          12      997.98     13.3444    0.541273
          13     972.538     13.3569    0.500948
          14     861.782     13.4984     0.54144
          15     748.614     13.5334    0.628815
          16     897.287     13.5116    0.589217
          17     990.626     13.4517    0.578809
          18     934.767     13.4159     0.54848
          19     904.524     13.4573    0.522027
          20     901.798     13.5094    0.500035
           1     616.089     10.5033           0
           2     547.025     9.66266    0.707369
           3     564.753     9.70945     0.45043
           4      641.64     9.80257    0.519755
           5     604.159     9.97207    0.419617
           6     592.634     9.85796    0.362441
           7     578.617     9.88134    0.314961
           8      624.42     9.90316    0.292156
           9     609.809      9.8228    0.285264
          10     621.023     9.81759      0.2661
          11     528.604     9.75097    0.279043
          12     682.106      9.8324    0.303303
          13     586.399     9.75228    0.287153
          14     626.009     9.75451    0.271586
          15      522.66     9.75485    0.291133
          16     616.931     9.76385    0.274474
          17     628.724     9.79499    0.260582
          18     592.791     9.75752    0.248302
          19     582.814     9.82094     0.24699
          20     640.875     9.84847    0.239012
           1      400.97     6.97994           0
           2     416.112      7.2965    0.218842
           3     392.309     7.09602    0.193643
           4     409.355      7.1122    0.141713
           5     356.127     6.99319     0.23405
           6     436.131     7.11429    0.236066
           7     450.049     7.22688    0.244071
           8     448.291     7.29896    0.235212
           9      406.83      7.2886    0.207999
          10     422.944     7.29494    0.187755
          11     397.138     7.23439    0.175443
          12     432.003     7.27916    0.163781
          13      383.46     7.21559    0.158846
          14     411.596     7.18716    0.150059
          15     401.754     7.19574    0.141753
          16     404.641     7.19853    0.133145
          17     407.378     7.19167    0.125197
          18     418.896     7.20984    0.118642
          19     374.886     7.18848    0.119431
          20     407.558     7.18021    0.113588
           1      289.55     5.22906           0
           2     291.713     5.30181    0.054389
           3     322.657     5.44748    0.227095
           4     326.495     5.60046    0.205486
           5     309.219     5.62199    0.159822
           6     303.644     5.58356    0.133777
           7     302.735     5.56654    0.113914
           8     310.837     5.55424    0.102137
           9     284.311     5.51192    0.103582
          10     293.219     5.46386   0.0990244
          11     280.688     5.46484    0.106569
          12     309.264     5.48685   0.0983553
          13     341.647     5.51037    0.116186
          14     305.765     5.51736    0.107583
          15     276.908     5.50299    0.108918
          16     317.749     5.51132    0.104192
          17     285.959       5.509     0.10152
          18     324.049     5.51356    0.100744
          19     301.472     5.51719   0.0953991
          20     302.167     5.51152   0.0906914
           1      226.79     4.27328           0
           2     237.294     4.41506    0.110831
           3     236.876     4.41324   0.0802335
           4     234.465     4.40725    0.058063
           5     221.986     4.38511   0.0695097
           6     229.693     4.37618    0.057226
           7     243.025     4.39378   0.0615832
           8     229.363     4.37949   0.0544586
           9     225.928     4.35829   0.0507488
          10     223.582     4.33236   0.0493646
          11     239.317     4.34574   0.0472751
          12     231.077      4.3374   0.0439168
          13     241.752     4.34509   0.0441498
          14     231.194     4.34087   0.0410293
          15     214.051     4.32456   0.0458898
          16     239.479     4.33699    0.044203
          17     230.914     4.33752    0.041534
          18     220.146     4.33141   0.0416069
          19     219.169     4.32559   0.0416966
          20     234.859     4.32857   0.0398677
           1     180.843      3.4384           0
           2     203.882     3.63471    0.233128
           3     181.102      3.5602    0.154114
           4     192.879     3.58885     0.11125
           5     176.989     3.55407    0.101164
           6     193.583     3.58226   0.0855529
           7     187.878      3.5813   0.0723118
           8     188.213     3.58086   0.0626304
           9     188.937     3.57838   0.0554456
          10     175.756     3.55342   0.0555375
          11     194.514     3.56023   0.0525454
          12     185.952     3.55803   0.0480549
          13      188.28     3.55472   0.0444691
          14     191.745     3.56431   0.0417298
          15     172.213     3.55095   0.0447039
          16     197.926     3.56344   0.0440805
          17     185.499     3.55739   0.0416658
          18     187.069     3.55588   0.0393098
          19      189.92     3.56012   0.0372992
          20     196.821     3.56578   0.0367903
           1      151.51     2.87368           0
           2     152.651     2.90804    0.024816
           3     152.322     2.91993   0.0172299
           4     150.383     2.92355   0.0190583
           5     155.841     2.94523   0.0225597
           6     162.615     2.98404   0.0385698
           7     164.965     3.00607   0.0457357
           8     155.078     2.99608   0.0406656
           9     154.842     2.98715   0.0367661
          10     145.857     2.96882   0.0381971
          11     153.261     2.96899    0.034688
          12     147.391     2.95447   0.0339519
          13     157.616     2.96111   0.0317513
          14      147.53     2.95573   0.0311054
          15     150.314     2.95239   0.0293151
          16     159.369     2.95863   0.0284305
          17     149.533     2.95172   0.0272685
          18      154.71     2.95267   0.0257442
          19     157.978     2.95782   0.0247737
          20     160.933     2.96266   0.0246604
           1     129.082     2.48753           0
           2     134.388     2.54924   0.0537266
           3     130.178     2.54421   0.0331082
           4     125.683     2.51978   0.0363665
           5     133.192      2.5362    0.031337
           6     137.734     2.56247   0.0352051
           7     135.539     2.56685   0.0324272
           8     130.734      2.5641   0.0283481
           9     125.896     2.54753   0.0286839
          10     130.737     2.54317   0.0259022
          11     133.299     2.54831   0.0237391
          12     134.986     2.55432   0.0224364
          13     132.604     2.55461   0.0207078
          14     127.608     2.54761   0.0201358
          15     135.079     2.55193   0.0193348
          16     133.753     2.55612    0.018322
          17      128.98     2.55355   0.0175665
          18     135.203     2.55544   0.0171324
          19     131.602     2.55465   0.0162188
          20     127.039     2.55059   0.0161536
           1     108.327     2.08512           0
           2     113.894     2.13996   0.0556686
           3     110.103      2.1485   0.0358845
           4     106.445     2.12925   0.0333817
           5     112.108     2.14321   0.0278492
           6     111.699     2.14341   0.0239137
           7     116.397     2.15861   0.0265375
           8     107.839     2.14564   0.0249983
           9     113.838     2.15356   0.0230378
          10     113.218     2.15771   0.0210027
          11     110.115     2.16022   0.0196517
          12     107.901     2.15785   0.0190086
          13     113.608     2.16072   0.0180043
          14     113.196     2.16141   0.0170961
          15     110.225     2.15998   0.0159834
          16     113.391     2.16475   0.0152916
          17     111.298     2.16685   0.0144881
          18     106.529     2.16156   0.0146862
          19     109.495     2.15912   0.0140286
          20     109.339     2.15812   0.0134219
           1     97.2965     1.90084           0
           2     101.566     1.93479    0.043664
           3     94.7435     1.90603   0.0402116
           4      95.128     1.89889   0.0321614
           5     101.224     1.90959   0.0302865
           6     102.764      1.9272   0.0294249
           7     93.8172     1.91466   0.0286642
           8     101.808     1.91991   0.0268862
           9     100.423      1.9258   0.0241118
          10     94.9624     1.91802   0.0228631
          11     94.3866     1.90957   0.0219611
          12     95.5252     1.90685   0.0205052
          13     99.5151     1.90886   0.0190618
          14     95.9327     1.90659    0.017882
          15     96.3299     1.90453   0.0167624
          16     93.8953     1.89955   0.0163868
          17      95.476     1.89784   0.0155755
          18     99.6553     1.89964   0.0149338
          19       96.56     1.90023   0.0142302
          20     100.575     1.90392   0.0138691
           1     87.3727     1.70438           0
           2     88.4436     1.70763   0.0132179
           3     84.2636     1.68911   0.0260313
           4     82.3138     1.67136   0.0288515
           5     86.1947     1.67046   0.0227639
           6     86.8422     1.67657   0.0190689
           7     87.0573     1.68212   0.0165658
           8     86.1756     1.68077   0.0144668
           9     84.8753     1.67857    0.013039
          10      86.406     1.67976   0.0116976
          11     90.1307     1.68654   0.0130103
          12     83.4847     1.68337   0.0129008
          13     88.0387     1.68616   0.0122272
          14     86.4171     1.68513   0.0114019
          15     85.0947     1.68292   0.0107577
          16     85.7178     1.68291   0.0100934
          17     86.3313     1.68356  0.00948933
          18      81.106     1.67899   0.0106234
          19     86.6142     1.68043   0.0100938
          20     82.9418     1.67878   0.0101117
           1     77.2385     1.52262           0
           2     77.0179      1.5189  0.00269087
           3     77.1958     1.51855  0.00181297
           4     73.4423     1.49645   0.0189501
           5     75.8027      1.4977   0.0150178
           6     77.6707     1.50433   0.0133421
           7     79.9381     1.51497   0.0151566
           8     72.8909     1.50573   0.0165278
           9     77.8916     1.50706   0.0151011
          10     79.4109     1.51127     0.01475
          11     79.1297     1.51462   0.0140036
          12     76.2251     1.51429   0.0128883
          13     78.4072     1.51563   0.0120948
          14     78.2486     1.51777   0.0113223
          15     76.1383     1.51708   0.0106459
          16     78.4236     1.51809   0.0101199
          17     75.8726     1.51685  0.00963334
          18     76.6846     1.51691  0.00910483
          19     75.6025     1.51613  0.00878023
          20     76.0901     1.51632  0.00843983
           1     66.8308     1.31216           0
           2     67.2084      1.3215  0.00643202
           3      68.963     1.33588   0.0135252
           4      68.499     1.33844   0.0105791
           5     68.6914     1.34417    0.009101
           6     67.6008     1.34444  0.00771238
           7     68.0776     1.34447  0.00654179
           8     68.7752     1.34509  0.00619806
           9     69.9312     1.34711  0.00721896
          10      69.581     1.34898  0.00701988
          11      69.095     1.34871  0.00669162
          12      68.291     1.34841  0.00611622
          13     71.1216     1.35217  0.00697371
          14     69.6818     1.35363  0.00661689
          15     69.7506     1.35566  0.00632647
          16     67.0192      1.3536  0.00632441
          17     72.1662     1.35668  0.00729581
          18     70.5424     1.35871  0.00711611
          19      68.548     1.35867   0.0067535
          20     67.1176     1.35738  0.00668236
