	1 	 2.61218e-21 	 0
	2 	 2.16281e-21 	 4.49364e-22
	3 	 1.86215e-21 	 3.97129e-22
	4 	 1.75616e-21 	 3.00149e-22
	5 	 1.70071e-21 	 2.39015e-22
	6 	 1.66873e-21 	 1.97758e-22
	7 	 1.64823e-21 	 1.68388e-22
	8 	 1.62659e-21 	 1.47426e-22
	9 	 1.61296e-21 	 1.3073e-22
	10 	 1.61228e-21 	 1.1693e-22
	11 	 1.59622e-21 	 1.0698e-22
	12 	 1.58032e-21 	 9.89453e-23
	13 	 1.5803e-21 	 9.10164e-23
	14 	 1.57125e-21 	 8.4749e-23
	15 	 1.56593e-21 	 7.90761e-23
	16 	 1.5653e-21 	 7.39717e-23
	17 	 1.55701e-21 	 6.99766e-23
	18 	 1.55119e-21 	 6.62312e-23
	19 	 1.54278e-21 	 6.32099e-23
	20 	 1.54016e-21 	 6.00235e-23
	21 	 1.53537e-21 	 5.72937e-23
	22 	 1.53199e-21 	 5.4732e-23
	23 	 1.52697e-21 	 5.25388e-23
	24 	 1.523e-21 	 5.04585e-23
	25 	 1.51922e-21 	 4.85455e-23
	26 	 1.51973e-21 	 4.66438e-23
	27 	 1.51639e-21 	 4.50067e-23
	28 	 1.51218e-21 	 4.35737e-23
	29 	 1.50875e-21 	 4.21838e-23
	30 	 1.50504e-21 	 4.09224e-23
	31 	 1.50164e-21 	 3.9726e-23
	32 	 1.49737e-21 	 3.87009e-23
	33 	 1.49382e-21 	 3.76772e-23
	34 	 1.49031e-21 	 3.67208e-23
	35 	 1.48598e-21 	 3.59182e-23
	36 	 1.48426e-21 	 3.49485e-23
	37 	 1.47988e-21 	 3.42713e-23
	38 	 1.47754e-21 	 3.34396e-23
	39 	 1.47569e-21 	 3.26232e-23
	40 	 1.4745e-21 	 3.18193e-23
	41 	 1.47399e-21 	 3.10377e-23
	42 	 1.47212e-21 	 3.03478e-23
	43 	 1.47058e-21 	 2.96735e-23
	44 	 1.46976e-21 	 2.90028e-23
	45 	 1.46909e-21 	 2.8359e-23
	46 	 1.46773e-21 	 2.77686e-23
	47 	 1.46875e-21 	 2.71904e-23
	48 	 1.46868e-21 	 2.6618e-23
	49 	 1.4675e-21 	 2.60955e-23
	50 	 1.46701e-21 	 2.55731e-23
	51 	 1.4671e-21 	 2.50668e-23
	52 	 1.46461e-21 	 2.47053e-23
	53 	 1.4617e-21 	 2.44089e-23
	54 	 1.46173e-21 	 2.39527e-23
	55 	 1.4625e-21 	 2.35256e-23
	56 	 1.46217e-21 	 2.31041e-23
	57 	 1.46119e-21 	 2.27162e-23
	58 	 1.4602e-21 	 2.23431e-23
	59 	 1.45974e-21 	 2.1966e-23
	60 	 1.45886e-21 	 2.16147e-23
	61 	 1.45887e-21 	 2.12574e-23
	62 	 1.45808e-21 	 2.09266e-23
	63 	 1.45842e-21 	 2.05945e-23
	64 	 1.45941e-21 	 2.02944e-23
	65 	 1.45918e-21 	 1.99811e-23
	66 	 1.45805e-21 	 1.97085e-23
	67 	 1.4565e-21 	 1.94742e-23
	68 	 1.45414e-21 	 1.93301e-23
	69 	 1.45278e-21 	 1.90961e-23
	70 	 1.45122e-21 	 1.88859e-23
	71 	 1.45025e-21 	 1.86436e-23
	72 	 1.44964e-21 	 1.8393e-23
	73 	 1.44829e-21 	 1.81891e-23
	74 	 1.44814e-21 	 1.79422e-23
	75 	 1.44574e-21 	 1.78641e-23
	76 	 1.44427e-21 	 1.76885e-23
	77 	 1.44353e-21 	 1.74731e-23
	78 	 1.44358e-21 	 1.72477e-23
	79 	 1.444e-21 	 1.70332e-23
	80 	 1.44415e-21 	 1.68196e-23
	81 	 1.44396e-21 	 1.66117e-23
	82 	 1.44464e-21 	 1.64216e-23
	83 	 1.44435e-21 	 1.62251e-23
	84 	 1.44307e-21 	 1.60818e-23
	85 	 1.44152e-21 	 1.59668e-23
	86 	 1.44001e-21 	 1.58523e-23
	87 	 1.43901e-21 	 1.5701e-23
	88 	 1.43847e-21 	 1.55308e-23
	89 	 1.43729e-21 	 1.54005e-23
	90 	 1.43451e-21 	 1.54811e-23
	91 	 1.43256e-21 	 1.54341e-23
	92 	 1.43159e-21 	 1.52961e-23
	93 	 1.4308e-21 	 1.51512e-23
	94 	 1.42958e-21 	 1.5039e-23
	95 	 1.429e-21 	 1.48909e-23
	96 	 1.42844e-21 	 1.47458e-23
	97 	 1.42683e-21 	 1.46817e-23
	98 	 1.42493e-21 	 1.46544e-23
	99 	 1.42331e-21 	 1.4596e-23
	100 	 1.42305e-21 	 1.44516e-23
	1 	 2.45551e-21 	 0
	2 	 2.29577e-21 	 1.59734e-22
	3 	 2.21961e-21 	 1.19605e-22
	4 	 2.17843e-21 	 9.40678e-23
	5 	 2.17906e-21 	 7.28673e-23
	6 	 2.2082e-21 	 6.62508e-23
	7 	 2.23612e-21 	 6.25652e-23
	8 	 2.24678e-21 	 5.52214e-23
	9 	 2.25292e-21 	 4.90868e-23
	10 	 2.27134e-21 	 4.76132e-23
	11 	 2.26808e-21 	 4.31916e-23
	12 	 2.26534e-21 	 3.95234e-23
	13 	 2.27119e-21 	 3.68244e-23
	14 	 2.26501e-21 	 3.46473e-23
	15 	 2.26154e-21 	 3.2441e-23
	16 	 2.25673e-21 	 3.07251e-23
	17 	 2.25649e-21 	 2.88623e-23
	18 	 2.25073e-21 	 2.78136e-23
	19 	 2.24658e-21 	 2.66341e-23
	20 	 2.25004e-21 	 2.55029e-23
	21 	 2.25315e-21 	 2.44567e-23
	22 	 2.25537e-21 	 2.34234e-23
	23 	 2.25581e-21 	 2.23863e-23
	24 	 2.25882e-21 	 2.16426e-23
	25 	 2.26318e-21 	 2.12121e-23
	26 	 2.25841e-21 	 2.09306e-23
	27 	 2.26329e-21 	 2.0724e-23
	28 	 2.2668e-21 	 2.02757e-23
	29 	 2.26879e-21 	 1.9665e-23
	30 	 2.26754e-21 	 1.9039e-23
	31 	 2.26714e-21 	 1.84191e-23
	32 	 2.26751e-21 	 1.7838e-23
	33 	 2.26733e-21 	 1.72899e-23
	34 	 2.26471e-21 	 1.69777e-23
	35 	 2.25977e-21 	 1.72107e-23
	36 	 2.25813e-21 	 1.68052e-23
	37 	 2.25649e-21 	 1.64269e-23
	38 	 2.2582e-21 	 1.60791e-23
	39 	 2.25601e-21 	 1.58129e-23
	40 	 2.25578e-21 	 1.54142e-23
	41 	 2.25145e-21 	 1.56467e-23
	42 	 2.24548e-21 	 1.63942e-23
	43 	 2.24134e-21 	 1.65341e-23
	44 	 2.23647e-21 	 1.68733e-23
	45 	 2.23591e-21 	 1.65035e-23
	46 	 2.23687e-21 	 1.61688e-23
	47 	 2.23563e-21 	 1.5869e-23
	48 	 2.23046e-21 	 1.63731e-23
	49 	 2.22854e-21 	 1.61498e-23
	50 	 2.22728e-21 	 1.58738e-23
	51 	 2.22831e-21 	 1.55935e-23
	52 	 2.22786e-21 	 1.52975e-23
	53 	 2.22504e-21 	 1.52689e-23
	54 	 2.22542e-21 	 1.49885e-23
	55 	 2.22514e-21 	 1.47162e-23
	56 	 2.22695e-21 	 1.45642e-23
	57 	 2.22704e-21 	 1.43067e-23
	58 	 2.22524e-21 	 1.41735e-23
	59 	 2.22528e-21 	 1.39313e-23
	60 	 2.22398e-21 	 1.37588e-23
	61 	 2.22061e-21 	 1.39451e-23
	62 	 2.22132e-21 	 1.37368e-23
	63 	 2.22134e-21 	 1.3517e-23
	64 	 2.2197e-21 	 1.34044e-23
	65 	 2.21478e-21 	 1.40858e-23
	66 	 2.21156e-21 	 1.42389e-23
	67 	 2.20918e-21 	 1.42245e-23
	68 	 2.20793e-21 	 1.40698e-23
	69 	 2.21014e-21 	 1.40397e-23
	70 	 2.21135e-21 	 1.38906e-23
	71 	 2.212e-21 	 1.37086e-23
	72 	 2.21094e-21 	 1.35583e-23
	73 	 2.21053e-21 	 1.33775e-23
	74 	 2.20921e-21 	 1.32606e-23
	75 	 2.20709e-21 	 1.32545e-23
	76 	 2.20778e-21 	 1.30974e-23
	77 	 2.20803e-21 	 1.29286e-23
	78 	 2.20815e-21 	 1.27623e-23
	79 	 2.2086e-21 	 1.26077e-23
	80 	 2.20764e-21 	 1.2486e-23
	81 	 2.20666e-21 	 1.23694e-23
	82 	 2.206e-21 	 1.22355e-23
	83 	 2.20598e-21 	 1.20872e-23
	84 	 2.20607e-21 	 1.19428e-23
	85 	 2.20561e-21 	 1.18104e-23
	86 	 2.20599e-21 	 1.16785e-23
	87 	 2.20598e-21 	 1.15434e-23
	88 	 2.20601e-21 	 1.14116e-23
	89 	 2.20572e-21 	 1.12863e-23
	90 	 2.20591e-21 	 1.11617e-23
	91 	 2.20403e-21 	 1.11976e-23
	92 	 2.20406e-21 	 1.10753e-23
	93 	 2.20315e-21 	 1.09934e-23
	94 	 2.20257e-21 	 1.08913e-23
	95 	 2.20249e-21 	 1.07763e-23
	96 	 2.20179e-21 	 1.06863e-23
	97 	 2.20013e-21 	 1.07053e-23
	98 	 2.20006e-21 	 1.05957e-23
	99 	 2.20144e-21 	 1.05782e-23
	100 	 2.20247e-21 	 1.05232e-23
	1 	 2.71316e-21 	 0
	2 	 2.60358e-21 	 1.0958e-22
	3 	 2.57351e-21 	 7.005e-23
	4 	 2.52833e-21 	 6.70373e-23
	5 	 2.47154e-21 	 7.6958e-23
	6 	 2.47003e-21 	 6.2854e-23
	7 	 2.48301e-21 	 5.46854e-23
	8 	 2.47947e-21 	 4.74914e-23
	9 	 2.4735e-21 	 4.23066e-23
	10 	 2.47269e-21 	 3.78487e-23
	11 	 2.46896e-21 	 3.44386e-23
	12 	 2.47372e-21 	 3.17963e-23
	13 	 2.47633e-21 	 2.93645e-23
	14 	 2.47166e-21 	 2.75842e-23
	15 	 2.46538e-21 	 2.64361e-23
	16 	 2.45909e-21 	 2.55171e-23
	17 	 2.46068e-21 	 2.40223e-23
	18 	 2.44891e-21 	 2.55256e-23
	19 	 2.44169e-21 	 2.52017e-23
	20 	 2.44259e-21 	 2.39253e-23
	21 	 2.44064e-21 	 2.2841e-23
	22 	 2.4376e-21 	 2.19892e-23
	23 	 2.44087e-21 	 2.12647e-23
	24 	 2.43841e-21 	 2.0507e-23
	25 	 2.43462e-21 	 2.00321e-23
	26 	 2.43839e-21 	 1.96118e-23
	27 	 2.4381e-21 	 1.88737e-23
	28 	 2.43873e-21 	 1.81981e-23
	29 	 2.44091e-21 	 1.76944e-23
	30 	 2.44118e-21 	 1.70965e-23
	31 	 2.44253e-21 	 1.65912e-23
	32 	 2.44387e-21 	 1.61198e-23
	33 	 2.43962e-21 	 1.61914e-23
	34 	 2.43086e-21 	 1.79861e-23
	35 	 2.42671e-21 	 1.79517e-23
	36 	 2.42587e-21 	 1.74659e-23
	37 	 2.42494e-21 	 1.70126e-23
	38 	 2.42824e-21 	 1.68844e-23
	39 	 2.42936e-21 	 1.64838e-23
	40 	 2.43076e-21 	 1.61276e-23
	41 	 2.43303e-21 	 1.58917e-23
	42 	 2.43202e-21 	 1.55418e-23
	43 	 2.43168e-21 	 1.51799e-23
	44 	 2.43188e-21 	 1.48323e-23
	45 	 2.43307e-21 	 1.4548e-23
	46 	 2.43338e-21 	 1.42315e-23
	47 	 2.43473e-21 	 1.39914e-23
	48 	 2.43164e-21 	 1.4043e-23
	49 	 2.4307e-21 	 1.37854e-23
	50 	 2.4321e-21 	 1.35795e-23
	51 	 2.43084e-21 	 1.33704e-23
	52 	 2.42729e-21 	 1.35809e-23
	53 	 2.4274e-21 	 1.33226e-23
	54 	 2.42508e-21 	 1.3278e-23
	55 	 2.42357e-21 	 1.31217e-23
	56 	 2.42738e-21 	 1.34365e-23
	57 	 2.42795e-21 	 1.32113e-23
	58 	 2.42694e-21 	 1.30213e-23
	59 	 2.42509e-21 	 1.29315e-23
	60 	 2.42684e-21 	 1.28339e-23
	61 	 2.42371e-21 	 1.30024e-23
	62 	 2.42111e-21 	 1.30529e-23
	63 	 2.42051e-21 	 1.28581e-23
	64 	 2.42244e-21 	 1.28023e-23
	65 	 2.42495e-21 	 1.28511e-23
	66 	 2.42761e-21 	 1.29314e-23
	67 	 2.42917e-21 	 1.28318e-23
	68 	 2.42747e-21 	 1.27554e-23
	69 	 2.42778e-21 	 1.2573e-23
	70 	 2.42851e-21 	 1.24138e-23
	71 	 2.42822e-21 	 1.22412e-23
	72 	 2.42797e-21 	 1.20726e-23
	73 	 2.42697e-21 	 1.1948e-23
	74 	 2.42713e-21 	 1.17866e-23
	75 	 2.42781e-21 	 1.16481e-23
	76 	 2.42841e-21 	 1.15093e-23
	77 	 2.42656e-21 	 1.15073e-23
	78 	 2.42588e-21 	 1.13793e-23
	79 	 2.42505e-21 	 1.12648e-23
	80 	 2.42427e-21 	 1.11506e-23
	81 	 2.42261e-21 	 1.1136e-23
	82 	 2.42453e-21 	 1.11654e-23
	83 	 2.42637e-21 	 1.11831e-23
	84 	 2.42625e-21 	 1.10498e-23
	85 	 2.42769e-21 	 1.10131e-23
	86 	 2.42872e-21 	 1.09333e-23
	87 	 2.42823e-21 	 1.08182e-23
	88 	 2.42923e-21 	 1.07411e-23
	89 	 2.42778e-21 	 1.07185e-23
	90 	 2.42708e-21 	 1.06215e-23
	91 	 2.42498e-21 	 1.07126e-23
	92 	 2.42278e-21 	 1.08216e-23
	93 	 2.42151e-21 	 1.07793e-23
	94 	 2.4216e-21 	 1.06644e-23
	95 	 2.42276e-21 	 1.06155e-23
	96 	 2.42456e-21 	 1.06571e-23
	97 	 2.42515e-21 	 1.05633e-23
	98 	 2.42576e-21 	 1.04729e-23
	99 	 2.42654e-21 	 1.03959e-23
	100 	 2.42649e-21 	 1.02916e-23
	1 	 2.664e-21 	 0
	2 	 2.71613e-21 	 5.21356e-23
	3 	 2.67911e-21 	 4.7714e-23
	4 	 2.6729e-21 	 3.43063e-23
	5 	 2.67348e-21 	 2.65799e-23
	6 	 2.68944e-21 	 2.69387e-23
	7 	 2.6935e-21 	 2.31268e-23
	8 	 2.66779e-21 	 3.25962e-23
	9 	 2.65868e-21 	 3.01558e-23
	10 	 2.65703e-21 	 2.70226e-23
	11 	 2.65133e-21 	 2.50985e-23
	12 	 2.64011e-21 	 2.551e-23
	13 	 2.6247e-21 	 2.80723e-23
	14 	 2.62907e-21 	 2.63539e-23
	15 	 2.62856e-21 	 2.45393e-23
	16 	 2.62938e-21 	 2.29689e-23
	17 	 2.6253e-21 	 2.19584e-23
	18 	 2.62907e-21 	 2.10431e-23
	19 	 2.63652e-21 	 2.12552e-23
	20 	 2.6378e-21 	 2.02048e-23
	21 	 2.63949e-21 	 1.92929e-23
	22 	 2.63984e-21 	 1.83984e-23
	23 	 2.63973e-21 	 1.75807e-23
	24 	 2.64131e-21 	 1.69062e-23
	25 	 2.64336e-21 	 1.63454e-23
	26 	 2.64402e-21 	 1.57179e-23
	27 	 2.6373e-21 	 1.65499e-23
	28 	 2.64027e-21 	 1.6222e-23
	29 	 2.63865e-21 	 1.57357e-23
	30 	 2.63449e-21 	 1.57612e-23
	31 	 2.63413e-21 	 1.52485e-23
	32 	 2.63062e-21 	 1.51757e-23
	33 	 2.62698e-21 	 1.51534e-23
	34 	 2.62415e-21 	 1.49713e-23
	35 	 2.62264e-21 	 1.46152e-23
	36 	 2.62423e-21 	 1.42921e-23
	37 	 2.6285e-21 	 1.45413e-23
	38 	 2.6296e-21 	 1.41963e-23
	39 	 2.63456e-21 	 1.46903e-23
	40 	 2.63907e-21 	 1.5011e-23
	41 	 2.64195e-21 	 1.49207e-23
	42 	 2.64649e-21 	 1.52528e-23
	43 	 2.64694e-21 	 1.49006e-23
	44 	 2.64751e-21 	 1.45691e-23
	45 	 2.64763e-21 	 1.42422e-23
	46 	 2.64658e-21 	 1.39686e-23
	47 	 2.6445e-21 	 1.38252e-23
	48 	 2.64371e-21 	 1.35569e-23
	49 	 2.64468e-21 	 1.33122e-23
	50 	 2.64764e-21 	 1.3375e-23
	51 	 2.64972e-21 	 1.32754e-23
	52 	 2.65254e-21 	 1.33191e-23
	53 	 2.65116e-21 	 1.31383e-23
	54 	 2.652e-21 	 1.29201e-23
	55 	 2.65427e-21 	 1.28846e-23
	56 	 2.65361e-21 	 1.267e-23
	57 	 2.6529e-21 	 1.24659e-23
	58 	 2.65273e-21 	 1.22503e-23
	59 	 2.65321e-21 	 1.20506e-23
	60 	 2.65376e-21 	 1.18606e-23
	61 	 2.65392e-21 	 1.16658e-23
	62 	 2.65575e-21 	 1.16214e-23
	63 	 2.65621e-21 	 1.14443e-23
	64 	 2.65617e-21 	 1.12642e-23
	65 	 2.65467e-21 	 1.11909e-23
	66 	 2.6495e-21 	 1.2173e-23
	67 	 2.65021e-21 	 1.20114e-23
	68 	 2.65479e-21 	 1.26894e-23
	69 	 2.66008e-21 	 1.35759e-23
	70 	 2.6613e-21 	 1.34363e-23
	71 	 2.65947e-21 	 1.33723e-23
	72 	 2.65782e-21 	 1.32878e-23
	73 	 2.65569e-21 	 1.3277e-23
	74 	 2.65557e-21 	 1.30968e-23
	75 	 2.65457e-21 	 1.29601e-23
	76 	 2.65459e-21 	 1.27885e-23
	77 	 2.65686e-21 	 1.28229e-23
	78 	 2.65799e-21 	 1.27083e-23
	79 	 2.66009e-21 	 1.27202e-23
	80 	 2.66266e-21 	 1.28211e-23
	81 	 2.66263e-21 	 1.26619e-23
	82 	 2.66412e-21 	 1.2595e-23
	83 	 2.66524e-21 	 1.24925e-23
	84 	 2.66458e-21 	 1.23609e-23
	85 	 2.66403e-21 	 1.22271e-23
	86 	 2.66309e-21 	 1.21203e-23
	87 	 2.66106e-21 	 1.21505e-23
	88 	 2.65943e-21 	 1.21226e-23
	89 	 2.65997e-21 	 1.1998e-23
	90 	 2.65862e-21 	 1.19403e-23
	91 	 2.65762e-21 	 1.18509e-23
	92 	 2.65728e-21 	 1.17262e-23
	93 	 2.65734e-21 	 1.15996e-23
	94 	 2.65649e-21 	 1.15068e-23
	95 	 2.65648e-21 	 1.1385e-23
	96 	 2.6547e-21 	 1.14047e-23
	97 	 2.65414e-21 	 1.13007e-23
	98 	 2.65581e-21 	 1.13091e-23
	99 	 2.65606e-21 	 1.11969e-23
	100 	 2.6543e-21 	 1.12231e-23
	1 	 2.8455e-21 	 0
	2 	 2.82448e-21 	 2.10264e-23
	3 	 2.80354e-21 	 2.42026e-23
	4 	 2.80987e-21 	 1.8246e-23
	5 	 2.8124e-21 	 1.43586e-23
	6 	 2.81731e-21 	 1.271e-23
	7 	 2.82385e-21 	 1.2577e-23
	8 	 2.80203e-21 	 2.43884e-23
	9 	 2.80411e-21 	 2.16091e-23
	10 	 2.79953e-21 	 1.98627e-23
	11 	 2.79337e-21 	 1.89955e-23
	12 	 2.79858e-21 	 1.81081e-23
	13 	 2.80276e-21 	 1.71728e-23
	14 	 2.7986e-21 	 1.64354e-23
	15 	 2.79763e-21 	 1.53307e-23
	16 	 2.7915e-21 	 1.55956e-23
	17 	 2.8022e-21 	 1.81396e-23
	18 	 2.80289e-21 	 1.7116e-23
	19 	 2.79094e-21 	 2.01253e-23
	20 	 2.78178e-21 	 2.11753e-23
	21 	 2.77125e-21 	 2.27285e-23
	22 	 2.77116e-21 	 2.1671e-23
	23 	 2.77542e-21 	 2.11421e-23
	24 	 2.77538e-21 	 2.02421e-23
	25 	 2.77759e-21 	 1.95415e-23
	26 	 2.77911e-21 	 1.88358e-23
	27 	 2.78587e-21 	 1.9345e-23
	28 	 2.78909e-21 	 1.89174e-23
	29 	 2.79178e-21 	 1.8451e-23
	30 	 2.79338e-21 	 1.78969e-23
	31 	 2.79294e-21 	 1.73157e-23
	32 	 2.79225e-21 	 1.678e-23
	33 	 2.79656e-21 	 1.68255e-23
	34 	 2.7932e-21 	 1.66654e-23
	35 	 2.78827e-21 	 1.69178e-23
	36 	 2.78679e-21 	 1.65073e-23
	37 	 2.78315e-21 	 1.64634e-23
	38 	 2.7806e-21 	 1.62255e-23
	39 	 2.78269e-21 	 1.59411e-23
	40 	 2.77908e-21 	 1.59509e-23
	41 	 2.77918e-21 	 1.55573e-23
	42 	 2.7804e-21 	 1.52311e-23
	43 	 2.78023e-21 	 1.48736e-23
	44 	 2.77969e-21 	 1.45416e-23
	45 	 2.77877e-21 	 1.42442e-23
	46 	 2.78093e-21 	 1.40965e-23
	47 	 2.7842e-21 	 1.41769e-23
	48 	 2.78332e-21 	 1.39066e-23
	49 	 2.77776e-21 	 1.47096e-23
	50 	 2.77667e-21 	 1.44534e-23
	51 	 2.7785e-21 	 1.42845e-23
	52 	 2.78059e-21 	 1.41629e-23
	53 	 2.78094e-21 	 1.38973e-23
	54 	 2.78145e-21 	 1.36473e-23
	55 	 2.78082e-21 	 1.34119e-23
	56 	 2.78122e-21 	 1.31763e-23
	57 	 2.77994e-21 	 1.30063e-23
	58 	 2.77877e-21 	 1.28338e-23
	59 	 2.77579e-21 	 1.29615e-23
	60 	 2.77435e-21 	 1.28245e-23
	61 	 2.77443e-21 	 1.26128e-23
	62 	 2.77248e-21 	 1.25593e-23
	63 	 2.76896e-21 	 1.28521e-23
	64 	 2.76907e-21 	 1.26502e-23
	65 	 2.77011e-21 	 1.24974e-23
	66 	 2.7698e-21 	 1.23105e-23
	67 	 2.76741e-21 	 1.23583e-23
	68 	 2.76224e-21 	 1.32268e-23
	69 	 2.76243e-21 	 1.30351e-23
	70 	 2.76177e-21 	 1.28644e-23
	71 	 2.76183e-21 	 1.26821e-23
	72 	 2.76188e-21 	 1.25048e-23
	73 	 2.7612e-21 	 1.2351e-23
	74 	 2.76115e-21 	 1.2183e-23
	75 	 2.76179e-21 	 1.20368e-23
	76 	 2.75897e-21 	 1.22089e-23
	77 	 2.75684e-21 	 1.22358e-23
	78 	 2.75571e-21 	 1.213e-23
	79 	 2.75358e-21 	 1.21638e-23
	80 	 2.75455e-21 	 1.205e-23
	81 	 2.75538e-21 	 1.19291e-23
	82 	 2.75573e-21 	 1.1788e-23
	83 	 2.7552e-21 	 1.16572e-23
	84 	 2.75116e-21 	 1.22074e-23
	85 	 2.74894e-21 	 1.22648e-23
	86 	 2.74917e-21 	 1.21235e-23
	87 	 2.75075e-21 	 1.20864e-23
	88 	 2.75181e-21 	 1.1995e-23
	89 	 2.7519e-21 	 1.18598e-23
	90 	 2.7516e-21 	 1.17312e-23
	91 	 2.74986e-21 	 1.17308e-23
	92 	 2.7487e-21 	 1.16603e-23
	93 	 2.74963e-21 	 1.15718e-23
	94 	 2.74909e-21 	 1.1461e-23
	95 	 2.74822e-21 	 1.13726e-23
	96 	 2.74762e-21 	 1.12695e-23
	97 	 2.74837e-21 	 1.11774e-23
	98 	 2.74799e-21 	 1.1069e-23
	99 	 2.74801e-21 	 1.09566e-23
	100 	 2.74959e-21 	 1.09609e-23
	1 	 2.63983e-21 	 0
	2 	 2.65619e-21 	 1.63595e-23
	3 	 2.70348e-21 	 4.82216e-23
	4 	 2.73711e-21 	 4.78965e-23
	5 	 2.76666e-21 	 4.74277e-23
	6 	 2.79215e-21 	 4.63617e-23
	7 	 2.79023e-21 	 3.92301e-23
	8 	 2.76839e-21 	 4.0387e-23
	9 	 2.74337e-21 	 4.35263e-23
	10 	 2.7373e-21 	 3.94013e-23
	11 	 2.74167e-21 	 3.59071e-23
	12 	 2.72304e-21 	 3.7707e-23
	13 	 2.71595e-21 	 3.54024e-23
	14 	 2.71859e-21 	 3.28826e-23
	15 	 2.71765e-21 	 3.06265e-23
	16 	 2.70954e-21 	 2.97744e-23
	17 	 2.71119e-21 	 2.80169e-23
	18 	 2.71462e-21 	 2.6636e-23
	19 	 2.70837e-21 	 2.59589e-23
	20 	 2.70779e-21 	 2.46336e-23
	21 	 2.70132e-21 	 2.43067e-23
	22 	 2.70591e-21 	 2.3626e-23
	23 	 2.70702e-21 	 2.26024e-23
	24 	 2.69774e-21 	 2.35451e-23
	25 	 2.69063e-21 	 2.36767e-23
	26 	 2.69064e-21 	 2.27479e-23
	27 	 2.69368e-21 	 2.20981e-23
	28 	 2.68647e-21 	 2.24802e-23
	29 	 2.68198e-21 	 2.21514e-23
	30 	 2.68513e-21 	 2.16317e-23
	31 	 2.68705e-21 	 2.10098e-23
	32 	 2.68726e-21 	 2.03438e-23
	33 	 2.68803e-21 	 1.97324e-23
	34 	 2.68936e-21 	 1.91893e-23
	35 	 2.6886e-21 	 1.86484e-23
	36 	 2.69008e-21 	 1.81833e-23
	37 	 2.69068e-21 	 1.76954e-23
	38 	 2.69174e-21 	 1.72556e-23
	39 	 2.69324e-21 	 1.68745e-23
	40 	 2.69411e-21 	 1.64699e-23
	41 	 2.69431e-21 	 1.60646e-23
	42 	 2.69338e-21 	 1.57054e-23
	43 	 2.6948e-21 	 1.54019e-23
	44 	 2.69738e-21 	 1.52674e-23
	45 	 2.6997e-21 	 1.51036e-23
	46 	 2.70099e-21 	 1.48273e-23
	47 	 2.70023e-21 	 1.45284e-23
	48 	 2.6991e-21 	 1.42668e-23
	49 	 2.70069e-21 	 1.4063e-23
	50 	 2.70326e-21 	 1.40161e-23
	51 	 2.70299e-21 	 1.37412e-23
	52 	 2.701e-21 	 1.36208e-23
	53 	 2.69809e-21 	 1.36745e-23
	54 	 2.69549e-21 	 1.36688e-23
	55 	 2.69357e-21 	 1.35536e-23
	56 	 2.69111e-21 	 1.35359e-23
	57 	 2.68771e-21 	 1.37232e-23
	58 	 2.68806e-21 	 1.34891e-23
	59 	 2.68918e-21 	 1.33051e-23
	60 	 2.69204e-21 	 1.3391e-23
	61 	 2.69119e-21 	 1.3197e-23
	62 	 2.69087e-21 	 1.29863e-23
	63 	 2.69282e-21 	 1.29271e-23
	64 	 2.69083e-21 	 1.28788e-23
	65 	 2.69414e-21 	 1.31046e-23
	66 	 2.69236e-21 	 1.30275e-23
	67 	 2.68829e-21 	 1.34613e-23
	68 	 2.68707e-21 	 1.33176e-23
	69 	 2.68696e-21 	 1.31236e-23
	70 	 2.68859e-21 	 1.30372e-23
	71 	 2.68744e-21 	 1.29036e-23
	72 	 2.68924e-21 	 1.28497e-23
	73 	 2.68994e-21 	 1.26919e-23
	74 	 2.68919e-21 	 1.25414e-23
	75 	 2.68942e-21 	 1.23751e-23
	76 	 2.68974e-21 	 1.22154e-23
	77 	 2.69018e-21 	 1.2064e-23
	78 	 2.69213e-21 	 1.20667e-23
	79 	 2.69281e-21 	 1.19322e-23
	80 	 2.69173e-21 	 1.18314e-23
	81 	 2.69165e-21 	 1.16847e-23
	82 	 2.69019e-21 	 1.16337e-23
	83 	 2.69091e-21 	 1.15151e-23
	84 	 2.693e-21 	 1.15688e-23
	85 	 2.69366e-21 	 1.14507e-23
	86 	 2.69539e-21 	 1.14488e-23
	87 	 2.69555e-21 	 1.13176e-23
	88 	 2.69481e-21 	 1.12128e-23
	89 	 2.69471e-21 	 1.10866e-23
	90 	 2.69317e-21 	 1.10697e-23
	91 	 2.69297e-21 	 1.09493e-23
	92 	 2.69305e-21 	 1.083e-23
	93 	 2.69166e-21 	 1.08027e-23
	94 	 2.6902e-21 	 1.07861e-23
	95 	 2.69044e-21 	 1.06745e-23
	96 	 2.69152e-21 	 1.06186e-23
	97 	 2.69202e-21 	 1.05204e-23
	98 	 2.69098e-21 	 1.04644e-23
	99 	 2.68993e-21 	 1.04116e-23
	100 	 2.69129e-21 	 1.03961e-23
	1 	 2.63132e-21 	 0
	2 	 2.6397e-21 	 8.38104e-24
	3 	 2.60977e-21 	 3.03145e-23
	4 	 2.63529e-21 	 3.33243e-23
	5 	 2.62795e-21 	 2.68367e-23
	6 	 2.57393e-21 	 5.82895e-23
	7 	 2.54805e-21 	 5.56507e-23
	8 	 2.54445e-21 	 4.83288e-23
	9 	 2.55372e-21 	 4.36185e-23
	10 	 2.55712e-21 	 3.91613e-23
	11 	 2.5648e-21 	 3.62465e-23
	12 	 2.56298e-21 	 3.31385e-23
	13 	 2.57392e-21 	 3.23853e-23
	14 	 2.57895e-21 	 3.04026e-23
	15 	 2.56953e-21 	 2.98292e-23
	16 	 2.57016e-21 	 2.79096e-23
	17 	 2.57857e-21 	 2.75323e-23
	18 	 2.58869e-21 	 2.786e-23
	19 	 2.59032e-21 	 2.64038e-23
	20 	 2.59184e-21 	 2.50947e-23
	21 	 2.60044e-21 	 2.53729e-23
	22 	 2.59709e-21 	 2.44237e-23
	23 	 2.60085e-21 	 2.36387e-23
	24 	 2.60539e-21 	 2.30826e-23
	25 	 2.60721e-21 	 2.2215e-23
	26 	 2.60601e-21 	 2.13773e-23
	27 	 2.60752e-21 	 2.06259e-23
	28 	 2.60539e-21 	 1.99894e-23
	29 	 2.61331e-21 	 2.08484e-23
	30 	 2.61826e-21 	 2.07409e-23
	31 	 2.62026e-21 	 2.01606e-23
	32 	 2.61695e-21 	 1.97992e-23
	33 	 2.61675e-21 	 1.91909e-23
	34 	 2.61615e-21 	 1.86276e-23
	35 	 2.61255e-21 	 1.84421e-23
	36 	 2.61102e-21 	 1.79874e-23
	37 	 2.61149e-21 	 1.75006e-23
	38 	 2.611e-21 	 1.70409e-23
	39 	 2.60947e-21 	 1.66683e-23
	40 	 2.6095e-21 	 1.62463e-23
	41 	 2.60722e-21 	 1.60086e-23
	42 	 2.60922e-21 	 1.57504e-23
	43 	 2.60843e-21 	 1.54001e-23
	44 	 2.61116e-21 	 1.52909e-23
	45 	 2.6126e-21 	 1.50169e-23
	46 	 2.61133e-21 	 1.47421e-23
	47 	 2.60881e-21 	 1.4642e-23
	48 	 2.60817e-21 	 1.43481e-23
	49 	 2.6078e-21 	 1.4057e-23
	50 	 2.61017e-21 	 1.39753e-23
	51 	 2.60987e-21 	 1.37018e-23
	52 	 2.61024e-21 	 1.34409e-23
	53 	 2.60879e-21 	 1.32649e-23
	54 	 2.60699e-21 	 1.3141e-23
	55 	 2.60825e-21 	 1.29613e-23
	56 	 2.60815e-21 	 1.27281e-23
	57 	 2.60862e-21 	 1.25114e-23
	58 	 2.60973e-21 	 1.23442e-23
	59 	 2.6087e-21 	 1.21772e-23
	60 	 2.60941e-21 	 1.19939e-23
	61 	 2.60989e-21 	 1.18051e-23
	62 	 2.60873e-21 	 1.16708e-23
	63 	 2.60743e-21 	 1.15569e-23
	64 	 2.60661e-21 	 1.14045e-23
	65 	 2.60677e-21 	 1.12288e-23
	66 	 2.60689e-21 	 1.1058e-23
	67 	 2.60575e-21 	 1.09511e-23
	68 	 2.60494e-21 	 1.08191e-23
	69 	 2.60417e-21 	 1.06887e-23
	70 	 2.6057e-21 	 1.06446e-23
	71 	 2.60612e-21 	 1.05022e-23
	72 	 2.6078e-21 	 1.04902e-23
	73 	 2.60758e-21 	 1.03479e-23
	74 	 2.60686e-21 	 1.02325e-23
	75 	 2.60692e-21 	 1.00954e-23
	76 	 2.60673e-21 	 9.96342e-24
	77 	 2.60479e-21 	 1.00228e-23
	78 	 2.60382e-21 	 9.94083e-24
	79 	 2.60277e-21 	 9.87004e-24
	80 	 2.60295e-21 	 9.74743e-24
	81 	 2.60324e-21 	 9.63097e-24
	82 	 2.60194e-21 	 9.60247e-24
	83 	 2.60037e-21 	 9.61371e-24
	84 	 2.60049e-21 	 9.49933e-24
	85 	 2.60272e-21 	 9.64647e-24
	86 	 2.60207e-21 	 9.55574e-24
	87 	 2.60338e-21 	 9.53569e-24
	88 	 2.60404e-21 	 9.45008e-24
	89 	 2.60528e-21 	 9.42523e-24
	90 	 2.60601e-21 	 9.3484e-24
	91 	 2.60386e-21 	 9.49335e-24
	92 	 2.6048e-21 	 9.43715e-24
	93 	 2.60569e-21 	 9.37715e-24
	94 	 2.60477e-21 	 9.32231e-24
	95 	 2.6063e-21 	 9.34992e-24
	96 	 2.60689e-21 	 9.27101e-24
	97 	 2.61058e-21 	 9.88873e-24
	98 	 2.61259e-21 	 9.99155e-24
	99 	 2.61402e-21 	 9.99213e-24
	100 	 2.61421e-21 	 9.89351e-24
	1 	 2.66781e-21 	 0
	2 	 2.73122e-21 	 6.34079e-23
	3 	 2.78859e-21 	 6.80533e-23
	4 	 2.7842e-21 	 4.83209e-23
	5 	 2.78301e-21 	 3.74479e-23
	6 	 2.77653e-21 	 3.12565e-23
	7 	 2.7796e-21 	 2.65944e-23
	8 	 2.75996e-21 	 3.02668e-23
	9 	 2.74184e-21 	 3.22614e-23
	10 	 2.73341e-21 	 3.0062e-23
	11 	 2.72659e-21 	 2.80336e-23
	12 	 2.73005e-21 	 2.58232e-23
	13 	 2.7172e-21 	 2.7006e-23
	14 	 2.70908e-21 	 2.62863e-23
	15 	 2.71224e-21 	 2.4674e-23
	16 	 2.71793e-21 	 2.37707e-23
	17 	 2.73784e-21 	 2.99154e-23
	18 	 2.7444e-21 	 2.89582e-23
	19 	 2.74148e-21 	 2.75466e-23
	20 	 2.74799e-21 	 2.69309e-23
	21 	 2.74639e-21 	 2.56664e-23
	22 	 2.74421e-21 	 2.45687e-23
	23 	 2.74265e-21 	 2.35282e-23
	24 	 2.73663e-21 	 2.33179e-23
	25 	 2.74017e-21 	 2.26451e-23
	26 	 2.7375e-21 	 2.19206e-23
	27 	 2.72868e-21 	 2.28602e-23
	28 	 2.72321e-21 	 2.26989e-23
	29 	 2.71823e-21 	 2.24602e-23
	30 	 2.71974e-21 	 2.17509e-23
	31 	 2.71725e-21 	 2.1184e-23
	32 	 2.71877e-21 	 2.05676e-23
	33 	 2.71858e-21 	 1.99355e-23
	34 	 2.72198e-21 	 1.9637e-23
	35 	 2.72444e-21 	 1.92254e-23
	36 	 2.71948e-21 	 1.93308e-23
	37 	 2.72064e-21 	 1.88368e-23
	38 	 2.72251e-21 	 1.84295e-23
	39 	 2.72429e-21 	 1.80385e-23
	40 	 2.7234e-21 	 1.76042e-23
	41 	 2.72904e-21 	 1.8071e-23
	42 	 2.7313e-21 	 1.77798e-23
	43 	 2.73661e-21 	 1.81571e-23
	44 	 2.74028e-21 	 1.81139e-23
	45 	 2.7378e-21 	 1.78791e-23
	46 	 2.73487e-21 	 1.77298e-23
	47 	 2.73379e-21 	 1.73819e-23
	48 	 2.73472e-21 	 1.70411e-23
	49 	 2.73528e-21 	 1.66991e-23
	50 	 2.73731e-21 	 1.64876e-23
	51 	 2.74065e-21 	 1.65028e-23
	52 	 2.74026e-21 	 1.61872e-23
	53 	 2.74183e-21 	 1.59569e-23
	54 	 2.74327e-21 	 1.57245e-23
	55 	 2.74228e-21 	 1.54675e-23
	56 	 2.74233e-21 	 1.51889e-23
	57 	 2.73995e-21 	 1.51083e-23
	58 	 2.73716e-21 	 1.51059e-23
	59 	 2.7347e-21 	 1.50496e-23
	60 	 2.74054e-21 	 1.59076e-23
	61 	 2.74105e-21 	 1.5653e-23
	62 	 2.74486e-21 	 1.58614e-23
	63 	 2.74424e-21 	 1.56201e-23
	64 	 2.74694e-21 	 1.5611e-23
	65 	 2.74718e-21 	 1.53707e-23
	66 	 2.74661e-21 	 1.51468e-23
	67 	 2.7481e-21 	 1.49931e-23
	68 	 2.75013e-21 	 1.49101e-23
	69 	 2.75146e-21 	 1.47519e-23
	70 	 2.75394e-21 	 1.475e-23
	71 	 2.75134e-21 	 1.47709e-23
	72 	 2.74936e-21 	 1.46986e-23
	73 	 2.74971e-21 	 1.45003e-23
	74 	 2.75047e-21 	 1.4323e-23
	75 	 2.75216e-21 	 1.42311e-23
	76 	 2.75431e-21 	 1.42071e-23
	77 	 2.75584e-21 	 1.41036e-23
	78 	 2.7565e-21 	 1.39375e-23
	79 	 2.7603e-21 	 1.42739e-23
	80 	 2.76188e-21 	 1.41833e-23
	81 	 2.76085e-21 	 1.40451e-23
	82 	 2.76201e-21 	 1.39213e-23
	83 	 2.76192e-21 	 1.37528e-23
	84 	 2.76036e-21 	 1.3678e-23
	85 	 2.76022e-21 	 1.35167e-23
	86 	 2.75839e-21 	 1.34842e-23
	87 	 2.75849e-21 	 1.33287e-23
	88 	 2.7587e-21 	 1.31781e-23
	89 	 2.75955e-21 	 1.30569e-23
	90 	 2.75975e-21 	 1.29126e-23
	91 	 2.75963e-21 	 1.27705e-23
	92 	 2.75869e-21 	 1.26658e-23
	93 	 2.75645e-21 	 1.27291e-23
	94 	 2.75658e-21 	 1.25937e-23
	95 	 2.75684e-21 	 1.2463e-23
	96 	 2.75797e-21 	 1.23846e-23
	97 	 2.75634e-21 	 1.23643e-23
	98 	 2.75447e-21 	 1.23802e-23
	99 	 2.75393e-21 	 1.22663e-23
	100 	 2.75349e-21 	 1.21511e-23
	1 	 2.74861e-21 	 0
	2 	 2.73948e-21 	 9.13231e-24
	3 	 2.73416e-21 	 7.49379e-24
	4 	 2.73475e-21 	 5.33161e-24
	5 	 2.73418e-21 	 4.16891e-24
	6 	 2.72221e-21 	 1.24417e-23
	7 	 2.71862e-21 	 1.11097e-23
	8 	 2.71874e-21 	 9.62197e-24
	9 	 2.72028e-21 	 8.62451e-24
	10 	 2.72163e-21 	 7.83109e-24
	11 	 2.71864e-21 	 7.69025e-24
	12 	 2.71917e-21 	 7.04073e-24
	13 	 2.71968e-21 	 6.49652e-24
	14 	 2.7199e-21 	 6.0186e-24
	15 	 2.72418e-21 	 7.04956e-24
	16 	 2.72361e-21 	 6.61882e-24
	17 	 2.72163e-21 	 6.52485e-24
	18 	 2.72366e-21 	 6.47852e-24
	19 	 2.72162e-21 	 6.46052e-24
	20 	 2.71862e-21 	 6.82146e-24
	21 	 2.71905e-21 	 6.50271e-24
	22 	 2.71912e-21 	 6.20052e-24
	23 	 2.71859e-21 	 5.94878e-24
	24 	 2.71736e-21 	 5.82703e-24
	25 	 2.72064e-21 	 6.48199e-24
	26 	 2.71798e-21 	 6.77273e-24
	27 	 2.71893e-21 	 6.58533e-24
	28 	 2.71977e-21 	 6.40202e-24
	29 	 2.71944e-21 	 6.18637e-24
	30 	 2.71911e-21 	 5.9859e-24
	31 	 2.72136e-21 	 6.21366e-24
	32 	 2.7202e-21 	 6.12764e-24
	33 	 2.71674e-21 	 6.87104e-24
	34 	 2.71491e-21 	 6.91301e-24
	35 	 2.71607e-21 	 6.81129e-24
	36 	 2.71832e-21 	 6.99385e-24
	37 	 2.71853e-21 	 6.80536e-24
	38 	 2.71783e-21 	 6.66096e-24
	39 	 2.71893e-21 	 6.58125e-24
	40 	 2.71793e-21 	 6.49318e-24
	41 	 2.71672e-21 	 6.44656e-24
	42 	 2.71671e-21 	 6.29121e-24
	43 	 2.7174e-21 	 6.18199e-24
	44 	 2.71629e-21 	 6.14229e-24
	45 	 2.71692e-21 	 6.03794e-24
	46 	 2.71699e-21 	 5.90559e-24
	47 	 2.71549e-21 	 5.96934e-24
	48 	 2.71665e-21 	 5.95826e-24
	49 	 2.71665e-21 	 5.8354e-24
	50 	 2.71617e-21 	 5.73732e-24
	51 	 2.71599e-21 	 5.62669e-24
	52 	 2.71653e-21 	 5.54417e-24
	53 	 2.71507e-21 	 5.63093e-24
	54 	 2.71449e-21 	 5.55631e-24
	55 	 2.715e-21 	 5.47824e-24
	56 	 2.71515e-21 	 5.38165e-24
	57 	 2.71468e-21 	 5.30745e-24
	58 	 2.71457e-21 	 5.21627e-24
	59 	 2.71373e-21 	 5.19652e-24
	60 	 2.71435e-21 	 5.14698e-24
	61 	 2.71397e-21 	 5.07611e-24
	62 	 2.71315e-21 	 5.06021e-24
	63 	 2.71314e-21 	 4.97926e-24
	64 	 2.71281e-21 	 4.91199e-24
	65 	 2.71211e-21 	 4.88601e-24
	66 	 2.71116e-21 	 4.90467e-24
	67 	 2.71064e-21 	 4.85888e-24
	68 	 2.71137e-21 	 4.84294e-24
	69 	 2.71173e-21 	 4.78587e-24
	70 	 2.7119e-21 	 4.71994e-24
	71 	 2.71106e-21 	 4.72764e-24
	72 	 2.71115e-21 	 4.66244e-24
	73 	 2.71113e-21 	 4.59818e-24
	74 	 2.71142e-21 	 4.54497e-24
	75 	 2.71155e-21 	 4.48569e-24
	76 	 2.71237e-21 	 4.50227e-24
	77 	 2.71201e-21 	 4.45788e-24
	78 	 2.71188e-21 	 4.40227e-24
	79 	 2.713e-21 	 4.48759e-24
	80 	 2.71411e-21 	 4.56852e-24
	81 	 2.71362e-21 	 4.53826e-24
	82 	 2.71287e-21 	 4.54453e-24
	83 	 2.71201e-21 	 4.57162e-24
	84 	 2.71147e-21 	 4.54946e-24
	85 	 2.71078e-21 	 4.54748e-24
	86 	 2.71134e-21 	 4.52921e-24
	87 	 2.71087e-21 	 4.50209e-24
	88 	 2.71048e-21 	 4.4672e-24
	89 	 2.7092e-21 	 4.59847e-24
	90 	 2.70932e-21 	 4.54855e-24
	91 	 2.7097e-21 	 4.51414e-24
	92 	 2.70985e-21 	 4.4673e-24
	93 	 2.70898e-21 	 4.50298e-24
	94 	 2.70928e-21 	 4.46524e-24
	95 	 2.70926e-21 	 4.41804e-24
	96 	 2.70947e-21 	 4.37659e-24
	97 	 2.71002e-21 	 4.36635e-24
	98 	 2.70974e-21 	 4.331e-24
	99 	 2.70919e-21 	 4.32119e-24
	100 	 2.70928e-21 	 4.27859e-24
