	1 	 -7.80386e-21 	 0
	2 	 -7.79329e-21 	 1.05656e-23
	3 	 -7.79139e-21 	 6.38979e-24
	4 	 -7.79112e-21 	 4.52626e-24
	5 	 -7.7907e-21 	 3.53076e-24
	6 	 -7.79075e-21 	 2.88317e-24
	7 	 -7.79072e-21 	 2.43687e-24
	8 	 -7.79065e-21 	 2.11155e-24
	9 	 -7.79069e-21 	 1.8627e-24
	10 	 -7.79108e-21 	 1.70939e-24
	11 	 -7.79156e-21 	 1.62066e-24
	12 	 -7.79201e-21 	 1.54475e-24
	13 	 -7.79243e-21 	 1.48364e-24
	14 	 -7.79289e-21 	 1.44698e-24
	15 	 -7.79326e-21 	 1.3968e-24
	16 	 -7.79355e-21 	 1.33881e-24
	17 	 -7.79372e-21 	 1.26851e-24
	18 	 -7.79371e-21 	 1.19597e-24
	19 	 -7.79368e-21 	 1.13167e-24
	20 	 -7.79362e-21 	 1.07524e-24
	21 	 -7.79351e-21 	 1.02863e-24
	22 	 -7.7934e-21 	 9.86779e-25
	23 	 -7.79322e-21 	 9.6136e-25
	24 	 -7.79302e-21 	 9.39947e-25
	25 	 -7.79286e-21 	 9.15889e-25
	26 	 -7.79273e-21 	 8.90018e-25
	27 	 -7.7926e-21 	 8.65574e-25
	28 	 -7.79252e-21 	 8.38706e-25
	29 	 -7.79252e-21 	 8.09269e-25
	30 	 -7.7925e-21 	 7.81913e-25
	31 	 -7.79252e-21 	 7.56531e-25
	32 	 -7.79258e-21 	 7.34971e-25
	33 	 -7.79258e-21 	 7.12352e-25
	34 	 -7.79259e-21 	 6.91143e-25
	35 	 -7.79256e-21 	 6.72132e-25
	36 	 -7.79253e-21 	 6.53795e-25
	37 	 -7.79245e-21 	 6.40898e-25
	38 	 -7.79239e-21 	 6.26311e-25
	39 	 -7.79238e-21 	 6.10249e-25
	40 	 -7.79237e-21 	 5.94854e-25
	41 	 -7.79243e-21 	 5.83312e-25
	42 	 -7.79252e-21 	 5.7667e-25
	43 	 -7.79261e-21 	 5.69478e-25
	44 	 -7.79265e-21 	 5.58562e-25
	45 	 -7.79261e-21 	 5.47881e-25
	46 	 -7.79252e-21 	 5.42837e-25
	47 	 -7.79248e-21 	 5.32549e-25
	48 	 -7.79253e-21 	 5.2298e-25
	49 	 -7.79257e-21 	 5.13813e-25
	50 	 -7.79259e-21 	 5.03917e-25
	51 	 -7.79254e-21 	 4.96496e-25
	52 	 -7.79251e-21 	 4.87417e-25
	53 	 -7.79247e-21 	 4.80585e-25
	54 	 -7.79247e-21 	 4.71621e-25
	55 	 -7.79245e-21 	 4.63255e-25
	56 	 -7.79247e-21 	 4.55087e-25
	57 	 -7.79249e-21 	 4.47432e-25
	58 	 -7.79246e-21 	 4.4026e-25
	59 	 -7.79243e-21 	 4.34022e-25
	60 	 -7.79241e-21 	 4.27309e-25
	61 	 -7.79243e-21 	 4.21055e-25
	62 	 -7.79254e-21 	 4.2804e-25
	63 	 -7.79265e-21 	 4.34549e-25
	64 	 -7.79272e-21 	 4.33638e-25
	65 	 -7.79272e-21 	 4.26928e-25
	66 	 -7.79271e-21 	 4.20443e-25
	67 	 -7.79266e-21 	 4.16815e-25
	68 	 -7.79256e-21 	 4.2436e-25
	69 	 -7.79243e-21 	 4.36645e-25
	70 	 -7.79228e-21 	 4.54604e-25
	71 	 -7.79218e-21 	 4.6085e-25
	72 	 -7.7921e-21 	 4.60993e-25
	73 	 -7.79202e-21 	 4.62172e-25
	74 	 -7.79194e-21 	 4.61694e-25
	75 	 -7.79189e-21 	 4.5817e-25
	76 	 -7.79187e-21 	 4.52966e-25
	77 	 -7.79186e-21 	 4.47048e-25
	78 	 -7.79188e-21 	 4.41674e-25
	79 	 -7.79191e-21 	 4.37229e-25
	80 	 -7.79191e-21 	 4.31738e-25
	81 	 -7.79187e-21 	 4.28407e-25
	82 	 -7.79184e-21 	 4.24436e-25
	83 	 -7.79179e-21 	 4.22158e-25
	84 	 -7.79172e-21 	 4.23182e-25
	85 	 -7.79163e-21 	 4.26283e-25
	86 	 -7.79159e-21 	 4.23729e-25
	87 	 -7.79153e-21 	 4.22268e-25
	88 	 -7.79148e-21 	 4.21445e-25
	89 	 -7.79142e-21 	 4.20185e-25
	90 	 -7.79135e-21 	 4.22542e-25
	91 	 -7.79131e-21 	 4.19574e-25
	92 	 -7.79129e-21 	 4.15351e-25
	93 	 -7.79127e-21 	 4.1141e-25
	94 	 -7.79122e-21 	 4.09828e-25
	95 	 -7.79118e-21 	 4.07366e-25
	96 	 -7.79113e-21 	 4.05871e-25
	97 	 -7.7911e-21 	 4.03374e-25
	98 	 -7.79109e-21 	 3.99297e-25
	99 	 -7.79106e-21 	 3.96148e-25
	100 	 -7.791e-21 	 3.96997e-25
	1 	 -6.43492e-21 	 0
	2 	 -6.43548e-21 	 5.64362e-25
	3 	 -6.43494e-21 	 6.28346e-25
	4 	 -6.43479e-21 	 4.68465e-25
	5 	 -6.43491e-21 	 3.81008e-25
	6 	 -6.43498e-21 	 3.18569e-25
	7 	 -6.4353e-21 	 4.18688e-25
	8 	 -6.43572e-21 	 5.58562e-25
	9 	 -6.43589e-21 	 5.19919e-25
	10 	 -6.4359e-21 	 4.65153e-25
	11 	 -6.43627e-21 	 5.60489e-25
	12 	 -6.4367e-21 	 6.68069e-25
	13 	 -6.43735e-21 	 8.94937e-25
	14 	 -6.43808e-21 	 1.10129e-24
	15 	 -6.43871e-21 	 1.2055e-24
	16 	 -6.4391e-21 	 1.1917e-24
	17 	 -6.43954e-21 	 1.2035e-24
	18 	 -6.43966e-21 	 1.14163e-24
	19 	 -6.43959e-21 	 1.08253e-24
	20 	 -6.4396e-21 	 1.02704e-24
	21 	 -6.43947e-21 	 9.85351e-25
	22 	 -6.43936e-21 	 9.46607e-25
	23 	 -6.43934e-21 	 9.04731e-25
	24 	 -6.43947e-21 	 8.77174e-25
	25 	 -6.43973e-21 	 8.81027e-25
	26 	 -6.44007e-21 	 9.08708e-25
	27 	 -6.44025e-21 	 8.94334e-25
	28 	 -6.44041e-21 	 8.75218e-25
	29 	 -6.44055e-21 	 8.56397e-25
	30 	 -6.44057e-21 	 8.27603e-25
	31 	 -6.44058e-21 	 8.00613e-25
	32 	 -6.4406e-21 	 7.75286e-25
	33 	 -6.44068e-21 	 7.55733e-25
	34 	 -6.44078e-21 	 7.39795e-25
	35 	 -6.44083e-21 	 7.20147e-25
	36 	 -6.44084e-21 	 7.00078e-25
	37 	 -6.44073e-21 	 6.89737e-25
	38 	 -6.44053e-21 	 7.00201e-25
	39 	 -6.44038e-21 	 6.99965e-25
	40 	 -6.44014e-21 	 7.21908e-25
	41 	 -6.43996e-21 	 7.28238e-25
	42 	 -6.4398e-21 	 7.26917e-25
	43 	 -6.43967e-21 	 7.21278e-25
	44 	 -6.43957e-21 	 7.12678e-25
	45 	 -6.43938e-21 	 7.21984e-25
	46 	 -6.43915e-21 	 7.43235e-25
	47 	 -6.43894e-21 	 7.55287e-25
	48 	 -6.43882e-21 	 7.50246e-25
	49 	 -6.43878e-21 	 7.35843e-25
	50 	 -6.43875e-21 	 7.21431e-25
	51 	 -6.43867e-21 	 7.11549e-25
	52 	 -6.43868e-21 	 6.97791e-25
	53 	 -6.43865e-21 	 6.85331e-25
	54 	 -6.43856e-21 	 6.7803e-25
	55 	 -6.43841e-21 	 6.82503e-25
	56 	 -6.43831e-21 	 6.77291e-25
	57 	 -6.43826e-21 	 6.66987e-25
	58 	 -6.43823e-21 	 6.56098e-25
	59 	 -6.43818e-21 	 6.47139e-25
	60 	 -6.43811e-21 	 6.39801e-25
	61 	 -6.43809e-21 	 6.29567e-25
	62 	 -6.43807e-21 	 6.19555e-25
	63 	 -6.43802e-21 	 6.1251e-25
	64 	 -6.43795e-21 	 6.06255e-25
	65 	 -6.43794e-21 	 5.96934e-25
	66 	 -6.43795e-21 	 5.87856e-25
	67 	 -6.43797e-21 	 5.79293e-25
	68 	 -6.43799e-21 	 5.71058e-25
	69 	 -6.43798e-21 	 5.62739e-25
	70 	 -6.43799e-21 	 5.54662e-25
	71 	 -6.438e-21 	 5.4692e-25
	72 	 -6.43801e-21 	 5.39516e-25
	73 	 -6.43802e-21 	 5.32128e-25
	74 	 -6.43796e-21 	 5.2898e-25
	75 	 -6.43787e-21 	 5.28644e-25
	76 	 -6.43785e-21 	 5.22326e-25
	77 	 -6.4378e-21 	 5.171e-25
	78 	 -6.43777e-21 	 5.11701e-25
	79 	 -6.43776e-21 	 5.05201e-25
	80 	 -6.43778e-21 	 4.99014e-25
	81 	 -6.43779e-21 	 4.93008e-25
	82 	 -6.43784e-21 	 4.89051e-25
	83 	 -6.43786e-21 	 4.835e-25
	84 	 -6.43785e-21 	 4.7777e-25
	85 	 -6.4378e-21 	 4.74381e-25
	86 	 -6.43777e-21 	 4.70013e-25
	87 	 -6.43772e-21 	 4.6689e-25
	88 	 -6.43764e-21 	 4.67961e-25
	89 	 -6.43758e-21 	 4.67867e-25
	90 	 -6.4375e-21 	 4.69343e-25
	91 	 -6.43742e-21 	 4.70561e-25
	92 	 -6.43735e-21 	 4.7048e-25
	93 	 -6.4373e-21 	 4.67568e-25
	94 	 -6.43723e-21 	 4.68056e-25
	95 	 -6.43718e-21 	 4.66043e-25
	96 	 -6.43713e-21 	 4.63772e-25
	97 	 -6.43711e-21 	 4.5946e-25
	98 	 -6.43712e-21 	 4.54774e-25
	99 	 -6.43715e-21 	 4.51627e-25
	100 	 -6.43719e-21 	 4.48569e-25
	1 	 -6.0905e-21 	 0
	2 	 -6.09061e-21 	 1.10272e-25
	3 	 -6.09055e-21 	 8.83378e-26
	4 	 -6.08979e-21 	 7.59125e-25
	5 	 -6.08859e-21 	 1.33648e-24
	6 	 -6.08864e-21 	 1.09209e-24
	7 	 -6.08873e-21 	 9.27882e-25
	8 	 -6.08861e-21 	 8.12898e-25
	9 	 -6.08859e-21 	 7.17127e-25
	10 	 -6.08853e-21 	 6.44615e-25
	11 	 -6.0883e-21 	 6.26843e-25
	12 	 -6.08809e-21 	 6.07621e-25
	13 	 -6.08791e-21 	 5.86695e-25
	14 	 -6.08761e-21 	 6.23769e-25
	15 	 -6.08724e-21 	 6.88112e-25
	16 	 -6.08729e-21 	 6.45805e-25
	17 	 -6.08741e-21 	 6.17294e-25
	18 	 -6.08751e-21 	 5.91936e-25
	19 	 -6.08782e-21 	 6.37548e-25
	20 	 -6.08799e-21 	 6.27447e-25
	21 	 -6.0882e-21 	 6.35366e-25
	22 	 -6.08828e-21 	 6.11017e-25
	23 	 -6.08817e-21 	 5.95152e-25
	24 	 -6.088e-21 	 5.94832e-25
	25 	 -6.08782e-21 	 5.97442e-25
	26 	 -6.0877e-21 	 5.85867e-25
	27 	 -6.08758e-21 	 5.76548e-25
	28 	 -6.08753e-21 	 5.58017e-25
	29 	 -6.08735e-21 	 5.66295e-25
	30 	 -6.08722e-21 	 5.63023e-25
	31 	 -6.08718e-21 	 5.46445e-25
	32 	 -6.08709e-21 	 5.35351e-25
	33 	 -6.087e-21 	 5.27198e-25
	34 	 -6.08676e-21 	 5.67021e-25
	35 	 -6.08649e-21 	 6.12049e-25
	36 	 -6.08638e-21 	 6.04615e-25
	37 	 -6.08628e-21 	 5.97087e-25
	38 	 -6.08614e-21 	 5.96743e-25
	39 	 -6.0861e-21 	 5.82706e-25
	40 	 -6.08602e-21 	 5.73025e-25
	41 	 -6.08588e-21 	 5.76763e-25
	42 	 -6.08577e-21 	 5.72971e-25
	43 	 -6.08573e-21 	 5.61031e-25
	44 	 -6.08572e-21 	 5.48316e-25
	45 	 -6.08568e-21 	 5.37379e-25
	46 	 -6.08562e-21 	 5.28727e-25
	47 	 -6.08557e-21 	 5.19958e-25
	48 	 -6.08559e-21 	 5.0956e-25
	49 	 -6.08556e-21 	 5.00246e-25
	50 	 -6.08545e-21 	 5.01729e-25
	51 	 -6.0854e-21 	 4.94907e-25
	52 	 -6.08529e-21 	 4.95898e-25
	53 	 -6.08522e-21 	 4.91563e-25
	54 	 -6.08513e-21 	 4.919e-25
	55 	 -6.085e-21 	 4.99304e-25
	56 	 -6.08488e-21 	 5.04092e-25
	57 	 -6.08482e-21 	 4.99053e-25
	58 	 -6.08476e-21 	 4.94671e-25
	59 	 -6.08471e-21 	 4.88543e-25
	60 	 -6.08466e-21 	 4.82694e-25
	61 	 -6.08463e-21 	 4.76044e-25
	62 	 -6.08464e-21 	 4.6845e-25
	63 	 -6.08462e-21 	 4.61169e-25
	64 	 -6.08461e-21 	 4.5401e-25
	65 	 -6.0846e-21 	 4.47125e-25
	66 	 -6.08454e-21 	 4.44008e-25
	67 	 -6.08449e-21 	 4.40842e-25
	68 	 -6.08445e-21 	 4.36104e-25
	69 	 -6.08445e-21 	 4.29742e-25
	70 	 -6.08442e-21 	 4.2454e-25
	71 	 -6.08437e-21 	 4.20851e-25
	72 	 -6.08432e-21 	 4.19044e-25
	73 	 -6.08426e-21 	 4.17435e-25
	74 	 -6.0842e-21 	 4.16098e-25
	75 	 -6.08417e-21 	 4.11684e-25
	76 	 -6.08419e-21 	 4.06753e-25
	77 	 -6.08424e-21 	 4.05618e-25
	78 	 -6.08428e-21 	 4.02036e-25
	79 	 -6.08432e-21 	 3.9882e-25
	80 	 -6.08431e-21 	 3.93856e-25
	81 	 -6.08435e-21 	 3.91043e-25
	82 	 -6.0844e-21 	 3.8884e-25
	83 	 -6.0844e-21 	 3.8417e-25
	84 	 -6.08441e-21 	 3.79679e-25
	85 	 -6.08441e-21 	 3.75201e-25
	86 	 -6.08444e-21 	 3.71747e-25
	87 	 -6.08448e-21 	 3.69754e-25
	88 	 -6.08448e-21 	 3.6555e-25
	89 	 -6.08449e-21 	 3.61609e-25
	90 	 -6.0845e-21 	 3.57605e-25
	91 	 -6.08454e-21 	 3.56183e-25
	92 	 -6.08455e-21 	 3.52388e-25
	93 	 -6.08451e-21 	 3.50488e-25
	94 	 -6.08449e-21 	 3.47555e-25
	95 	 -6.08454e-21 	 3.47482e-25
	96 	 -6.08463e-21 	 3.56534e-25
	97 	 -6.08468e-21 	 3.5637e-25
	98 	 -6.08469e-21 	 3.52724e-25
	99 	 -6.08469e-21 	 3.49261e-25
	100 	 -6.08468e-21 	 3.45922e-25
	1 	 -5.71689e-21 	 0
	2 	 -5.71607e-21 	 8.22054e-25
	3 	 -5.71485e-21 	 1.30599e-24
	4 	 -5.71354e-21 	 1.60252e-24
	5 	 -5.71303e-21 	 1.34243e-24
	6 	 -5.71245e-21 	 1.24135e-24
	7 	 -5.71212e-21 	 1.1008e-24
	8 	 -5.7119e-21 	 9.77378e-25
	9 	 -5.71224e-21 	 9.25011e-25
	10 	 -5.71242e-21 	 8.47495e-25
	11 	 -5.71264e-21 	 7.97753e-25
	12 	 -5.71269e-21 	 7.29711e-25
	13 	 -5.71287e-21 	 6.94349e-25
	14 	 -5.71308e-21 	 6.77914e-25
	15 	 -5.7134e-21 	 7.05115e-25
	16 	 -5.71367e-21 	 7.13014e-25
	17 	 -5.71375e-21 	 6.74666e-25
	18 	 -5.71368e-21 	 6.39438e-25
	19 	 -5.71352e-21 	 6.24956e-25
	20 	 -5.71351e-21 	 5.93118e-25
	21 	 -5.71356e-21 	 5.66138e-25
	22 	 -5.71355e-21 	 5.39793e-25
	23 	 -5.71354e-21 	 5.15882e-25
	24 	 -5.71357e-21 	 4.94624e-25
	25 	 -5.71364e-21 	 4.79898e-25
	26 	 -5.71372e-21 	 4.67848e-25
	27 	 -5.7136e-21 	 4.65526e-25
	28 	 -5.71344e-21 	 4.78952e-25
	29 	 -5.71343e-21 	 4.62142e-25
	30 	 -5.71349e-21 	 4.50143e-25
	31 	 -5.71356e-21 	 4.40112e-25
	32 	 -5.71366e-21 	 4.39253e-25
	33 	 -5.7138e-21 	 4.45895e-25
	34 	 -5.71395e-21 	 4.58781e-25
	35 	 -5.71402e-21 	 4.51833e-25
	36 	 -5.71411e-21 	 4.48238e-25
	37 	 -5.71422e-21 	 4.4953e-25
	38 	 -5.71435e-21 	 4.54825e-25
	39 	 -5.71445e-21 	 4.5546e-25
	40 	 -5.71457e-21 	 4.60136e-25
	41 	 -5.7147e-21 	 4.64703e-25
	42 	 -5.71491e-21 	 4.99704e-25
	43 	 -5.71517e-21 	 5.56464e-25
	44 	 -5.71531e-21 	 5.61516e-25
	45 	 -5.71541e-21 	 5.56628e-25
	46 	 -5.71542e-21 	 5.4463e-25
	47 	 -5.71543e-21 	 5.32955e-25
	48 	 -5.71552e-21 	 5.2999e-25
	49 	 -5.71559e-21 	 5.24216e-25
	50 	 -5.71572e-21 	 5.29211e-25
	51 	 -5.71578e-21 	 5.2215e-25
	52 	 -5.71587e-21 	 5.20066e-25
	53 	 -5.71601e-21 	 5.27787e-25
	54 	 -5.71611e-21 	 5.28049e-25
	55 	 -5.71621e-21 	 5.28116e-25
	56 	 -5.71626e-21 	 5.20874e-25
	57 	 -5.71627e-21 	 5.11677e-25
	58 	 -5.71632e-21 	 5.05508e-25
	59 	 -5.71642e-21 	 5.07407e-25
	60 	 -5.71651e-21 	 5.06468e-25
	61 	 -5.71656e-21 	 5.00319e-25
	62 	 -5.71661e-21 	 4.94729e-25
	63 	 -5.71661e-21 	 4.86894e-25
	64 	 -5.71657e-21 	 4.81367e-25
	65 	 -5.71655e-21 	 4.74154e-25
	66 	 -5.71657e-21 	 4.67178e-25
	67 	 -5.71659e-21 	 4.60679e-25
	68 	 -5.7166e-21 	 4.53883e-25
	69 	 -5.71663e-21 	 4.48748e-25
	70 	 -5.71664e-21 	 4.42363e-25
	71 	 -5.71662e-21 	 4.36747e-25
	72 	 -5.71656e-21 	 4.34126e-25
	73 	 -5.7165e-21 	 4.32311e-25
	74 	 -5.71643e-21 	 4.31771e-25
	75 	 -5.7164e-21 	 4.27093e-25
	76 	 -5.71643e-21 	 4.21975e-25
	77 	 -5.71648e-21 	 4.20534e-25
	78 	 -5.71652e-21 	 4.16379e-25
	79 	 -5.71655e-21 	 4.12807e-25
	80 	 -5.71663e-21 	 4.1564e-25
	81 	 -5.7167e-21 	 4.16024e-25
	82 	 -5.71673e-21 	 4.11695e-25
	83 	 -5.71667e-21 	 4.11243e-25
	84 	 -5.71658e-21 	 4.15771e-25
	85 	 -5.71645e-21 	 4.30312e-25
	86 	 -5.71636e-21 	 4.34049e-25
	87 	 -5.71628e-21 	 4.37963e-25
	88 	 -5.71622e-21 	 4.36017e-25
	89 	 -5.71617e-21 	 4.35002e-25
	90 	 -5.71615e-21 	 4.30489e-25
	91 	 -5.71613e-21 	 4.26023e-25
	92 	 -5.71617e-21 	 4.22765e-25
	93 	 -5.71618e-21 	 4.18361e-25
	94 	 -5.71615e-21 	 4.14773e-25
	95 	 -5.71613e-21 	 4.1078e-25
	96 	 -5.71612e-21 	 4.06587e-25
	97 	 -5.71609e-21 	 4.04292e-25
	98 	 -5.71602e-21 	 4.0524e-25
	99 	 -5.716e-21 	 4.01974e-25
	100 	 -5.71598e-21 	 3.98175e-25
	1 	 -5.55374e-21 	 0
	2 	 -5.55462e-21 	 8.86559e-25
	3 	 -5.55448e-21 	 5.32045e-25
	4 	 -5.55369e-21 	 8.72106e-25
	5 	 -5.55441e-21 	 9.86734e-25
	6 	 -5.55486e-21 	 9.21102e-25
	7 	 -5.55495e-21 	 7.83636e-25
	8 	 -5.5548e-21 	 6.94124e-25
	9 	 -5.55419e-21 	 8.68086e-25
	10 	 -5.55418e-21 	 7.76454e-25
	11 	 -5.55421e-21 	 7.02808e-25
	12 	 -5.5544e-21 	 6.71063e-25
	13 	 -5.55464e-21 	 6.60089e-25
	14 	 -5.55491e-21 	 6.67577e-25
	15 	 -5.55507e-21 	 6.42954e-25
	16 	 -5.55518e-21 	 6.11019e-25
	17 	 -5.55529e-21 	 5.83849e-25
	18 	 -5.5554e-21 	 5.61642e-25
	19 	 -5.55535e-21 	 5.3329e-25
	20 	 -5.55528e-21 	 5.10629e-25
	21 	 -5.55526e-21 	 4.86267e-25
	22 	 -5.55524e-21 	 4.63865e-25
	23 	 -5.55531e-21 	 4.48663e-25
	24 	 -5.5553e-21 	 4.29842e-25
	25 	 -5.55529e-21 	 4.12348e-25
	26 	 -5.55523e-21 	 4.00447e-25
	27 	 -5.55522e-21 	 3.85496e-25
	28 	 -5.55521e-21 	 3.71541e-25
	29 	 -5.55524e-21 	 3.59175e-25
	30 	 -5.55517e-21 	 3.5311e-25
	31 	 -5.55507e-21 	 3.56529e-25
	32 	 -5.55504e-21 	 3.46485e-25
	33 	 -5.55515e-21 	 3.52755e-25
	34 	 -5.55523e-21 	 3.52511e-25
	35 	 -5.5553e-21 	 3.49752e-25
	36 	 -5.55521e-21 	 3.51939e-25
	37 	 -5.55507e-21 	 3.70294e-25
	38 	 -5.55499e-21 	 3.69448e-25
	39 	 -5.55488e-21 	 3.7676e-25
	40 	 -5.55478e-21 	 3.8125e-25
	41 	 -5.55462e-21 	 4.02945e-25
	42 	 -5.55443e-21 	 4.37349e-25
	43 	 -5.5543e-21 	 4.47315e-25
	44 	 -5.55416e-21 	 4.58253e-25
	45 	 -5.55411e-21 	 4.50434e-25
	46 	 -5.55407e-21 	 4.42377e-25
	47 	 -5.55401e-21 	 4.37146e-25
	48 	 -5.55388e-21 	 4.46614e-25
	49 	 -5.55375e-21 	 4.56109e-25
	50 	 -5.55369e-21 	 4.50897e-25
	51 	 -5.55369e-21 	 4.4197e-25
	52 	 -5.55372e-21 	 4.34603e-25
	53 	 -5.55373e-21 	 4.26334e-25
	54 	 -5.55367e-21 	 4.21461e-25
	55 	 -5.5536e-21 	 4.2066e-25
	56 	 -5.55354e-21 	 4.16896e-25
	57 	 -5.55351e-21 	 4.10798e-25
	58 	 -5.55347e-21 	 4.06114e-25
	59 	 -5.55339e-21 	 4.0592e-25
	60 	 -5.55337e-21 	 3.99706e-25
	61 	 -5.55337e-21 	 3.93101e-25
	62 	 -5.55337e-21 	 3.86717e-25
	63 	 -5.55337e-21 	 3.80534e-25
	64 	 -5.55339e-21 	 3.74794e-25
	65 	 -5.55345e-21 	 3.74858e-25
	66 	 -5.55356e-21 	 3.83799e-25
	67 	 -5.55361e-21 	 3.81283e-25
	68 	 -5.55368e-21 	 3.81942e-25
	69 	 -5.55368e-21 	 3.76455e-25
	70 	 -5.55366e-21 	 3.71809e-25
	71 	 -5.55365e-21 	 3.66729e-25
	72 	 -5.55368e-21 	 3.62937e-25
	73 	 -5.55377e-21 	 3.68634e-25
	74 	 -5.55387e-21 	 3.78692e-25
	75 	 -5.55397e-21 	 3.86445e-25
	76 	 -5.55402e-21 	 3.84945e-25
	77 	 -5.55404e-21 	 3.80317e-25
	78 	 -5.55402e-21 	 3.76258e-25
	79 	 -5.55398e-21 	 3.73671e-25
	80 	 -5.55392e-21 	 3.72574e-25
	81 	 -5.55389e-21 	 3.69169e-25
	82 	 -5.55389e-21 	 3.64712e-25
	83 	 -5.5539e-21 	 3.60509e-25
	84 	 -5.55392e-21 	 3.56853e-25
	85 	 -5.55394e-21 	 3.53238e-25
	86 	 -5.55395e-21 	 3.49139e-25
	87 	 -5.55393e-21 	 3.45577e-25
	88 	 -5.55392e-21 	 3.41709e-25
	89 	 -5.55392e-21 	 3.37849e-25
	90 	 -5.55394e-21 	 3.34437e-25
	91 	 -5.55392e-21 	 3.31279e-25
	92 	 -5.55388e-21 	 3.29277e-25
	93 	 -5.55388e-21 	 3.25748e-25
	94 	 -5.5539e-21 	 3.22639e-25
	95 	 -5.55388e-21 	 3.19739e-25
	96 	 -5.55385e-21 	 3.1747e-25
	97 	 -5.5538e-21 	 3.17757e-25
	98 	 -5.55375e-21 	 3.19545e-25
	99 	 -5.55368e-21 	 3.22469e-25
	100 	 -5.55361e-21 	 3.28678e-25
	1 	 -5.66673e-21 	 0
	2 	 -5.66651e-21 	 2.24162e-25
	3 	 -5.66672e-21 	 2.46366e-25
	4 	 -5.6672e-21 	 5.11717e-25
	5 	 -5.6683e-21 	 1.16879e-24
	6 	 -5.66878e-21 	 1.06757e-24
	7 	 -5.66846e-21 	 9.55959e-25
	8 	 -5.66797e-21 	 9.6391e-25
	9 	 -5.66774e-21 	 8.80274e-25
	10 	 -5.66756e-21 	 8.07756e-25
	11 	 -5.66774e-21 	 7.52575e-25
	12 	 -5.66797e-21 	 7.24962e-25
	13 	 -5.66812e-21 	 6.83193e-25
	14 	 -5.66838e-21 	 6.82762e-25
	15 	 -5.6686e-21 	 6.75264e-25
	16 	 -5.66889e-21 	 6.93254e-25
	17 	 -5.66919e-21 	 7.15415e-25
	18 	 -5.66936e-21 	 6.96042e-25
	19 	 -5.66945e-21 	 6.64381e-25
	20 	 -5.66964e-21 	 6.60321e-25
	21 	 -5.66977e-21 	 6.41222e-25
	22 	 -5.66972e-21 	 6.1399e-25
	23 	 -5.66975e-21 	 5.87442e-25
	24 	 -5.67007e-21 	 6.4933e-25
	25 	 -5.67028e-21 	 6.56747e-25
	26 	 -5.67049e-21 	 6.64565e-25
	27 	 -5.67063e-21 	 6.55754e-25
	28 	 -5.67068e-21 	 6.33328e-25
	29 	 -5.67078e-21 	 6.19498e-25
	30 	 -5.67081e-21 	 5.99331e-25
	31 	 -5.6707e-21 	 5.89303e-25
	32 	 -5.6707e-21 	 5.70595e-25
	33 	 -5.67064e-21 	 5.5679e-25
	34 	 -5.6705e-21 	 5.56076e-25
	35 	 -5.67038e-21 	 5.5415e-25
	36 	 -5.67025e-21 	 5.53249e-25
	37 	 -5.67012e-21 	 5.54356e-25
	38 	 -5.66993e-21 	 5.69988e-25
	39 	 -5.66977e-21 	 5.79264e-25
	40 	 -5.66965e-21 	 5.7674e-25
	41 	 -5.66965e-21 	 5.62498e-25
	42 	 -5.66973e-21 	 5.54343e-25
	43 	 -5.66981e-21 	 5.47016e-25
	44 	 -5.66985e-21 	 5.35723e-25
	45 	 -5.66986e-21 	 5.2396e-25
	46 	 -5.66998e-21 	 5.24809e-25
	47 	 -5.67001e-21 	 5.14501e-25
	48 	 -5.67001e-21 	 5.03672e-25
	49 	 -5.66998e-21 	 4.93888e-25
	50 	 -5.67e-21 	 4.84272e-25
	51 	 -5.66995e-21 	 4.77172e-25
	52 	 -5.66984e-21 	 4.80738e-25
	53 	 -5.66979e-21 	 4.74068e-25
	54 	 -5.66974e-21 	 4.68034e-25
	55 	 -5.6697e-21 	 4.60947e-25
	56 	 -5.66973e-21 	 4.53125e-25
	57 	 -5.66974e-21 	 4.45228e-25
	58 	 -5.66981e-21 	 4.4437e-25
	59 	 -5.66987e-21 	 4.39793e-25
	60 	 -5.6699e-21 	 4.34159e-25
	61 	 -5.66988e-21 	 4.27517e-25
	62 	 -5.66987e-21 	 4.20743e-25
	63 	 -5.66987e-21 	 4.14026e-25
	64 	 -5.66985e-21 	 4.07924e-25
	65 	 -5.66986e-21 	 4.01673e-25
	66 	 -5.66978e-21 	 4.02714e-25
	67 	 -5.66965e-21 	 4.19e-25
	68 	 -5.66957e-21 	 4.18925e-25
	69 	 -5.66955e-21 	 4.13278e-25
	70 	 -5.66959e-21 	 4.08512e-25
	71 	 -5.66966e-21 	 4.09736e-25
	72 	 -5.66971e-21 	 4.06992e-25
	73 	 -5.66977e-21 	 4.05365e-25
	74 	 -5.66985e-21 	 4.09409e-25
	75 	 -5.66992e-21 	 4.09051e-25
	76 	 -5.66995e-21 	 4.04535e-25
	77 	 -5.66996e-21 	 3.9966e-25
	78 	 -5.67e-21 	 3.96197e-25
	79 	 -5.67005e-21 	 3.93862e-25
	80 	 -5.67007e-21 	 3.89647e-25
	81 	 -5.67011e-21 	 3.86959e-25
	82 	 -5.67011e-21 	 3.82212e-25
	83 	 -5.67013e-21 	 3.77911e-25
	84 	 -5.67013e-21 	 3.73464e-25
	85 	 -5.67014e-21 	 3.69159e-25
	86 	 -5.67012e-21 	 3.65564e-25
	87 	 -5.67013e-21 	 3.61501e-25
	88 	 -5.67011e-21 	 3.58013e-25
	89 	 -5.67002e-21 	 3.64909e-25
	90 	 -5.66993e-21 	 3.73163e-25
	91 	 -5.66986e-21 	 3.75001e-25
	92 	 -5.6698e-21 	 3.75051e-25
	93 	 -5.6698e-21 	 3.70997e-25
	94 	 -5.66985e-21 	 3.70173e-25
	95 	 -5.66987e-21 	 3.66655e-25
	96 	 -5.6699e-21 	 3.63715e-25
	97 	 -5.66992e-21 	 3.60601e-25
	98 	 -5.66987e-21 	 3.59623e-25
	99 	 -5.6698e-21 	 3.6424e-25
	100 	 -5.66973e-21 	 3.66268e-25
	1 	 -5.78142e-21 	 0
	2 	 -5.78287e-21 	 1.45207e-24
	3 	 -5.7825e-21 	 9.18896e-25
	4 	 -5.78255e-21 	 6.52345e-25
	5 	 -5.78294e-21 	 6.35313e-25
	6 	 -5.78246e-21 	 7.0557e-25
	7 	 -5.78163e-21 	 1.02371e-24
	8 	 -5.78104e-21 	 1.0635e-24
	9 	 -5.78091e-21 	 9.46672e-25
	10 	 -5.78145e-21 	 1.0032e-24
	11 	 -5.7819e-21 	 1.01175e-24
	12 	 -5.78221e-21 	 9.7426e-25
	13 	 -5.78244e-21 	 9.25686e-25
	14 	 -5.78266e-21 	 8.85763e-25
	15 	 -5.7827e-21 	 8.25436e-25
	16 	 -5.78274e-21 	 7.72957e-25
	17 	 -5.78293e-21 	 7.51794e-25
	18 	 -5.78323e-21 	 7.67453e-25
	19 	 -5.78347e-21 	 7.65318e-25
	20 	 -5.78352e-21 	 7.28047e-25
	21 	 -5.78362e-21 	 6.9891e-25
	22 	 -5.78378e-21 	 6.87127e-25
	23 	 -5.78391e-21 	 6.68378e-25
	24 	 -5.78419e-21 	 7.00313e-25
	25 	 -5.78436e-21 	 6.91344e-25
	26 	 -5.78456e-21 	 6.93461e-25
	27 	 -5.78483e-21 	 7.21593e-25
	28 	 -5.78492e-21 	 7.0072e-25
	29 	 -5.78489e-21 	 6.76776e-25
	30 	 -5.78485e-21 	 6.5502e-25
	31 	 -5.78488e-21 	 6.34376e-25
	32 	 -5.7849e-21 	 6.14393e-25
	33 	 -5.78484e-21 	 5.98295e-25
	34 	 -5.78478e-21 	 5.83571e-25
	35 	 -5.7848e-21 	 5.67148e-25
	36 	 -5.78488e-21 	 5.56388e-25
	37 	 -5.78493e-21 	 5.43988e-25
	38 	 -5.78495e-21 	 5.29695e-25
	39 	 -5.78494e-21 	 5.1602e-25
	40 	 -5.78492e-21 	 5.03202e-25
	41 	 -5.78492e-21 	 4.90792e-25
	42 	 -5.78497e-21 	 4.82233e-25
	43 	 -5.78505e-21 	 4.77348e-25
	44 	 -5.7851e-21 	 4.6914e-25
	45 	 -5.78528e-21 	 4.89811e-25
	46 	 -5.78538e-21 	 4.91179e-25
	47 	 -5.7854e-21 	 4.809e-25
	48 	 -5.78545e-21 	 4.72931e-25
	49 	 -5.78553e-21 	 4.69931e-25
	50 	 -5.78563e-21 	 4.73235e-25
	51 	 -5.78576e-21 	 4.80033e-25
	52 	 -5.78582e-21 	 4.74244e-25
	53 	 -5.78595e-21 	 4.83597e-25
	54 	 -5.78607e-21 	 4.88759e-25
	55 	 -5.78611e-21 	 4.82063e-25
	56 	 -5.78615e-21 	 4.74748e-25
	57 	 -5.78621e-21 	 4.70567e-25
	58 	 -5.78634e-21 	 4.80386e-25
	59 	 -5.78645e-21 	 4.8436e-25
	60 	 -5.78654e-21 	 4.85639e-25
	61 	 -5.78659e-21 	 4.80209e-25
	62 	 -5.78659e-21 	 4.72427e-25
	63 	 -5.78656e-21 	 4.6563e-25
	64 	 -5.78661e-21 	 4.60572e-25
	65 	 -5.78665e-21 	 4.55203e-25
	66 	 -5.78664e-21 	 4.48301e-25
	67 	 -5.7866e-21 	 4.43142e-25
	68 	 -5.78654e-21 	 4.40863e-25
	69 	 -5.78648e-21 	 4.38544e-25
	70 	 -5.78645e-21 	 4.33444e-25
	71 	 -5.7864e-21 	 4.30562e-25
	72 	 -5.78633e-21 	 4.29229e-25
	73 	 -5.78633e-21 	 4.23324e-25
	74 	 -5.78634e-21 	 4.177e-25
	75 	 -5.78635e-21 	 4.12239e-25
	76 	 -5.7864e-21 	 4.0918e-25
	77 	 -5.78642e-21 	 4.04427e-25
	78 	 -5.78636e-21 	 4.03748e-25
	79 	 -5.78631e-21 	 4.01853e-25
	80 	 -5.78626e-21 	 3.99273e-25
	81 	 -5.78619e-21 	 4.01761e-25
	82 	 -5.78612e-21 	 4.02638e-25
	83 	 -5.78608e-21 	 4.0001e-25
	84 	 -5.78603e-21 	 3.97509e-25
	85 	 -5.78603e-21 	 3.9281e-25
	86 	 -5.78607e-21 	 3.89884e-25
	87 	 -5.78605e-21 	 3.85606e-25
	88 	 -5.78602e-21 	 3.82849e-25
	89 	 -5.78597e-21 	 3.81504e-25
	90 	 -5.78591e-21 	 3.82049e-25
	91 	 -5.78585e-21 	 3.83141e-25
	92 	 -5.78584e-21 	 3.79044e-25
	93 	 -5.78581e-21 	 3.75955e-25
	94 	 -5.78576e-21 	 3.75554e-25
	95 	 -5.78573e-21 	 3.72964e-25
	96 	 -5.78571e-21 	 3.6945e-25
	97 	 -5.78576e-21 	 3.69025e-25
	98 	 -5.78582e-21 	 3.69998e-25
	99 	 -5.78585e-21 	 3.67788e-25
	100 	 -5.78587e-21 	 3.64769e-25
	1 	 -5.55556e-21 	 0
	2 	 -5.55484e-21 	 7.23451e-25
	3 	 -5.55323e-21 	 1.66257e-24
	4 	 -5.5541e-21 	 1.46355e-24
	5 	 -5.55401e-21 	 1.13742e-24
	6 	 -5.55399e-21 	 9.28781e-25
	7 	 -5.55415e-21 	 7.99666e-25
	8 	 -5.55388e-21 	 7.42467e-25
	9 	 -5.55375e-21 	 6.67588e-25
	10 	 -5.55395e-21 	 6.3103e-25
	11 	 -5.55446e-21 	 7.65491e-25
	12 	 -5.55488e-21 	 8.16027e-25
	13 	 -5.55515e-21 	 7.96176e-25
	14 	 -5.5552e-21 	 7.38832e-25
	15 	 -5.55523e-21 	 6.88358e-25
	16 	 -5.55526e-21 	 6.4482e-25
	17 	 -5.55551e-21 	 6.53047e-25
	18 	 -5.55592e-21 	 7.39853e-25
	19 	 -5.55618e-21 	 7.48001e-25
	20 	 -5.55649e-21 	 7.7364e-25
	21 	 -5.55667e-21 	 7.58052e-25
	22 	 -5.55679e-21 	 7.32121e-25
	23 	 -5.5568e-21 	 6.99622e-25
	24 	 -5.55689e-21 	 6.76741e-25
	25 	 -5.55695e-21 	 6.51602e-25
	26 	 -5.55688e-21 	 6.29826e-25
	27 	 -5.55677e-21 	 6.15186e-25
	28 	 -5.55658e-21 	 6.22766e-25
	29 	 -5.55645e-21 	 6.15628e-25
	30 	 -5.5563e-21 	 6.12905e-25
	31 	 -5.55628e-21 	 5.9329e-25
	32 	 -5.55623e-21 	 5.76096e-25
	33 	 -5.55616e-21 	 5.62921e-25
	34 	 -5.55618e-21 	 5.46269e-25
	35 	 -5.55623e-21 	 5.33529e-25
	36 	 -5.55624e-21 	 5.18585e-25
	37 	 -5.55621e-21 	 5.05666e-25
	38 	 -5.55619e-21 	 4.92503e-25
	39 	 -5.55614e-21 	 4.8188e-25
	40 	 -5.55612e-21 	 4.70206e-25
	41 	 -5.55611e-21 	 4.58647e-25
	42 	 -5.55613e-21 	 4.47895e-25
	43 	 -5.55619e-21 	 4.40931e-25
	44 	 -5.5563e-21 	 4.44407e-25
	45 	 -5.55631e-21 	 4.34567e-25
	46 	 -5.55625e-21 	 4.29203e-25
	47 	 -5.55624e-21 	 4.19992e-25
	48 	 -5.55617e-21 	 4.16931e-25
	49 	 -5.55615e-21 	 4.08923e-25
	50 	 -5.55612e-21 	 4.01789e-25
	51 	 -5.55605e-21 	 3.99596e-25
	52 	 -5.55604e-21 	 3.9209e-25
	53 	 -5.55609e-21 	 3.87197e-25
	54 	 -5.55616e-21 	 3.86581e-25
	55 	 -5.55629e-21 	 4.01592e-25
	56 	 -5.55639e-21 	 4.06287e-25
	57 	 -5.55642e-21 	 4.00296e-25
	58 	 -5.55635e-21 	 3.99083e-25
	59 	 -5.55628e-21 	 3.97612e-25
	60 	 -5.55622e-21 	 3.9566e-25
	61 	 -5.55623e-21 	 3.89181e-25
	62 	 -5.55624e-21 	 3.83147e-25
	63 	 -5.55629e-21 	 3.79466e-25
	64 	 -5.55629e-21 	 3.73537e-25
	65 	 -5.55628e-21 	 3.67994e-25
	66 	 -5.55628e-21 	 3.6238e-25
	67 	 -5.55635e-21 	 3.64111e-25
	68 	 -5.55647e-21 	 3.77185e-25
	69 	 -5.55653e-21 	 3.75966e-25
	70 	 -5.55655e-21 	 3.71116e-25
	71 	 -5.55655e-21 	 3.65853e-25
	72 	 -5.55652e-21 	 3.62124e-25
	73 	 -5.55648e-21 	 3.59284e-25
	74 	 -5.55642e-21 	 3.59265e-25
	75 	 -5.55642e-21 	 3.54443e-25
	76 	 -5.55641e-21 	 3.49916e-25
	77 	 -5.55644e-21 	 3.46509e-25
	78 	 -5.55654e-21 	 3.56586e-25
	79 	 -5.55666e-21 	 3.72816e-25
	80 	 -5.55674e-21 	 3.76367e-25
	81 	 -5.55676e-21 	 3.72495e-25
	82 	 -5.55677e-21 	 3.68119e-25
	83 	 -5.55679e-21 	 3.6418e-25
	84 	 -5.55682e-21 	 3.60629e-25
	85 	 -5.55682e-21 	 3.56375e-25
	86 	 -5.5568e-21 	 3.5258e-25
	87 	 -5.55678e-21 	 3.48836e-25
	88 	 -5.55677e-21 	 3.4529e-25
	89 	 -5.55678e-21 	 3.4167e-25
	90 	 -5.55678e-21 	 3.37852e-25
	91 	 -5.55674e-21 	 3.36775e-25
	92 	 -5.55669e-21 	 3.36992e-25
	93 	 -5.5566e-21 	 3.45325e-25
	94 	 -5.55648e-21 	 3.60771e-25
	95 	 -5.55641e-21 	 3.64659e-25
	96 	 -5.55632e-21 	 3.71119e-25
	97 	 -5.55627e-21 	 3.71119e-25
	98 	 -5.55622e-21 	 3.70411e-25
	99 	 -5.55618e-21 	 3.69021e-25
	100 	 -5.55612e-21 	 3.69726e-25
	1 	 -5.62387e-21 	 0
	2 	 -5.62272e-21 	 1.14126e-24
	3 	 -5.62279e-21 	 6.62017e-25
	4 	 -5.62277e-21 	 4.68332e-25
	5 	 -5.62284e-21 	 3.68592e-25
	6 	 -5.62237e-21 	 5.56407e-25
	7 	 -5.62216e-21 	 5.14065e-25
	8 	 -5.62235e-21 	 4.82293e-25
	9 	 -5.62233e-21 	 4.25935e-25
	10 	 -5.62238e-21 	 3.84134e-25
	11 	 -5.62289e-21 	 6.18456e-25
	12 	 -5.6233e-21 	 6.98108e-25
	13 	 -5.62334e-21 	 6.436e-25
	14 	 -5.62354e-21 	 6.27702e-25
	15 	 -5.62372e-21 	 6.12006e-25
	16 	 -5.62396e-21 	 6.19761e-25
	17 	 -5.62397e-21 	 5.8229e-25
	18 	 -5.62407e-21 	 5.57958e-25
	19 	 -5.62401e-21 	 5.30942e-25
	20 	 -5.6239e-21 	 5.17066e-25
	21 	 -5.62395e-21 	 4.95045e-25
	22 	 -5.624e-21 	 4.74024e-25
	23 	 -5.624e-21 	 4.52946e-25
	24 	 -5.62393e-21 	 4.38577e-25
	25 	 -5.624e-21 	 4.27245e-25
	26 	 -5.624e-21 	 4.10484e-25
	27 	 -5.62399e-21 	 3.95171e-25
	28 	 -5.62395e-21 	 3.82932e-25
	29 	 -5.62389e-21 	 3.74613e-25
	30 	 -5.62394e-21 	 3.65114e-25
	31 	 -5.62396e-21 	 3.5378e-25
	32 	 -5.62395e-21 	 3.42786e-25
	33 	 -5.62385e-21 	 3.47013e-25
	34 	 -5.62382e-21 	 3.3815e-25
	35 	 -5.62378e-21 	 3.29768e-25
	36 	 -5.62374e-21 	 3.23431e-25
	37 	 -5.62377e-21 	 3.1626e-25
	38 	 -5.62372e-21 	 3.12419e-25
	39 	 -5.62368e-21 	 3.07038e-25
	40 	 -5.6237e-21 	 2.99701e-25
	41 	 -5.62367e-21 	 2.93573e-25
	42 	 -5.6236e-21 	 2.94339e-25
	43 	 -5.62359e-21 	 2.87786e-25
	44 	 -5.62357e-21 	 2.81618e-25
	45 	 -5.6235e-21 	 2.84888e-25
	46 	 -5.62351e-21 	 2.78771e-25
	47 	 -5.62344e-21 	 2.81191e-25
	48 	 -5.6235e-21 	 2.81506e-25
	49 	 -5.62348e-21 	 2.76161e-25
	50 	 -5.62341e-21 	 2.80155e-25
	51 	 -5.62334e-21 	 2.83989e-25
	52 	 -5.62328e-21 	 2.84592e-25
	53 	 -5.62322e-21 	 2.84182e-25
	54 	 -5.62327e-21 	 2.82566e-25
	55 	 -5.62334e-21 	 2.87295e-25
	56 	 -5.62335e-21 	 2.82143e-25
	57 	 -5.62337e-21 	 2.78147e-25
	58 	 -5.62343e-21 	 2.79004e-25
	59 	 -5.62337e-21 	 2.8024e-25
	60 	 -5.62338e-21 	 2.75596e-25
	61 	 -5.62328e-21 	 2.86813e-25
	62 	 -5.62329e-21 	 2.82174e-25
	63 	 -5.62329e-21 	 2.77663e-25
	64 	 -5.62326e-21 	 2.74362e-25
	65 	 -5.6233e-21 	 2.72356e-25
	66 	 -5.6233e-21 	 2.68208e-25
	67 	 -5.62325e-21 	 2.68506e-25
	68 	 -5.62331e-21 	 2.71769e-25
	69 	 -5.62332e-21 	 2.67852e-25
	70 	 -5.62332e-21 	 2.64063e-25
	71 	 -5.62337e-21 	 2.64189e-25
	72 	 -5.62341e-21 	 2.64084e-25
	73 	 -5.6235e-21 	 2.75334e-25
	74 	 -5.62349e-21 	 2.71917e-25
	75 	 -5.62345e-21 	 2.70869e-25
	76 	 -5.62345e-21 	 2.67287e-25
	77 	 -5.62341e-21 	 2.66185e-25
	78 	 -5.62338e-21 	 2.64112e-25
	79 	 -5.62339e-21 	 2.608e-25
	80 	 -5.62341e-21 	 2.58526e-25
	81 	 -5.62341e-21 	 2.55316e-25
	82 	 -5.62339e-21 	 2.53424e-25
	83 	 -5.62333e-21 	 2.5605e-25
	84 	 -5.62329e-21 	 2.57509e-25
	85 	 -5.62324e-21 	 2.58416e-25
	86 	 -5.62326e-21 	 2.56057e-25
	87 	 -5.62326e-21 	 2.5313e-25
	88 	 -5.62327e-21 	 2.50603e-25
	89 	 -5.62323e-21 	 2.50092e-25
	90 	 -5.62318e-21 	 2.52966e-25
	91 	 -5.6232e-21 	 2.51069e-25
	92 	 -5.6232e-21 	 2.48434e-25
	93 	 -5.62318e-21 	 2.46022e-25
	94 	 -5.62319e-21 	 2.43522e-25
	95 	 -5.62321e-21 	 2.41596e-25
	96 	 -5.62323e-21 	 2.39775e-25
	97 	 -5.62326e-21 	 2.38961e-25
	98 	 -5.62323e-21 	 2.37601e-25
	99 	 -5.62318e-21 	 2.40835e-25
	100 	 -5.6232e-21 	 2.3882e-25
