	1 	 2.982386e-21 	 0
	2 	 2.98291407e-21 	 5.28073324e-25
	3 	 2.98383344e-21 	 9.68597703e-25
	4 	 2.98521461e-21 	 1.54166786e-24
	5 	 2.98716676e-21 	 2.28843362e-24
	6 	 2.98987124e-21 	 3.28716803e-24
	7 	 2.99364047e-21 	 4.68244675e-24
	8 	 2.99902523e-21 	 6.74089037e-24
	9 	 3.00670089e-21 	 9.70864027e-24
	10 	 3.01404385e-21 	 1.13721235e-23
	11 	 3.0254988e-21 	 1.53956966e-23
	12 	 3.03617615e-21 	 1.76501765e-23
	13 	 3.04942107e-21 	 2.09530205e-23
	14 	 3.06568997e-21 	 2.53177337e-23
	15 	 3.07937992e-21 	 2.72568794e-23
	16 	 3.09584833e-21 	 3.03525737e-23
	17 	 3.11594276e-21 	 3.4880928e-23
	18 	 3.12907458e-21 	 3.54109766e-23
	19 	 3.14130188e-21 	 3.56574098e-23
	20 	 3.15727796e-21 	 3.74104382e-23
	21 	 3.17184806e-21 	 3.84517743e-23
	22 	 3.18422432e-21 	 3.86949382e-23
	23 	 3.19670351e-21 	 3.90234341e-23
	24 	 3.20679349e-21 	 3.87005656e-23
	25 	 3.21487355e-21 	 3.79895042e-23
	26 	 3.22123413e-21 	 3.70492094e-23
	27 	 3.23040464e-21 	 3.6811204e-23
	28 	 3.24045574e-21 	 3.68686718e-23
	29 	 3.24597282e-21 	 3.59998946e-23
	30 	 3.25078429e-21 	 3.51104421e-23
	31 	 3.2561659e-21 	 3.43827442e-23
	32 	 3.26297435e-21 	 3.39800273e-23
	33 	 3.26816292e-21 	 3.3340444e-23
	34 	 3.2713427e-21 	 3.25009046e-23
	35 	 3.27653669e-21 	 3.1983212e-23
	36 	 3.28125157e-21 	 3.1437665e-23
	37 	 3.28440148e-21 	 3.07380163e-23
	38 	 3.28804029e-21 	 3.01386609e-23
	39 	 3.29192054e-21 	 2.96110408e-23
	40 	 3.2959447e-21 	 2.91404689e-23
	41 	 3.2994372e-21 	 2.86346241e-23
	42 	 3.30466371e-21 	 2.84290929e-23
	43 	 3.30961148e-21 	 2.81975601e-23
	44 	 3.31367612e-21 	 2.78474893e-23
	45 	 3.31684718e-21 	 2.74057003e-23
	46 	 3.31977225e-21 	 2.69624393e-23
	47 	 3.32301612e-21 	 2.65812112e-23
	48 	 3.3257896e-21 	 2.61689307e-23
	49 	 3.32947621e-21 	 2.58930969e-23
	50 	 3.33267677e-21 	 2.55710379e-23
	51 	 3.33596099e-21 	 2.52788806e-23
	52 	 3.33838426e-21 	 2.49061493e-23
	53 	 3.34048379e-21 	 2.45217484e-23
	54 	 3.34344195e-21 	 2.42445019e-23
	55 	 3.34654121e-21 	 2.40005602e-23
	56 	 3.3490577e-21 	 2.37020514e-23
	57 	 3.35245869e-21 	 2.35296011e-23
	58 	 3.35554149e-21 	 2.33249793e-23
	59 	 3.35936541e-21 	 2.3242945e-23
	60 	 3.36336469e-21 	 2.31995892e-23
	61 	 3.36738928e-21 	 2.31683332e-23
	62 	 3.37163238e-21 	 2.31831903e-23
	63 	 3.37529361e-21 	 2.31041714e-23
	64 	 3.37859395e-21 	 2.29785468e-23
	65 	 3.38352648e-21 	 2.31537668e-23
	66 	 3.38801764e-21 	 2.32383757e-23
	67 	 3.39039533e-21 	 2.30120711e-23
	68 	 3.39371766e-21 	 2.29132743e-23
	69 	 3.39649773e-21 	 2.27492647e-23
	70 	 3.39918341e-21 	 2.25821906e-23
	71 	 3.40213248e-21 	 2.24563446e-23
	72 	 3.4045656e-21 	 2.22755359e-23
	73 	 3.40708852e-21 	 2.21126695e-23
	74 	 3.40924647e-21 	 2.19182909e-23
	75 	 3.41064209e-21 	 2.16690623e-23
	76 	 3.41219297e-21 	 2.14382125e-23
	77 	 3.41404784e-21 	 2.12391132e-23
	78 	 3.41473958e-21 	 2.09764572e-23
	79 	 3.41514149e-21 	 2.071313e-23
	80 	 3.4161309e-21 	 2.0476495e-23
	81 	 3.41746651e-21 	 2.02661772e-23
	82 	 3.41900115e-21 	 2.0076243e-23
	83 	 3.42023662e-21 	 1.98713297e-23
	84 	 3.42087999e-21 	 1.96438796e-23
	85 	 3.42152562e-21 	 1.94221335e-23
	86 	 3.42312191e-21 	 1.92612274e-23
	87 	 3.42478938e-21 	 1.91114285e-23
	88 	 3.4262748e-21 	 1.89513093e-23
	89 	 3.42699606e-21 	 1.87510401e-23
	90 	 3.42782947e-21 	 1.85602453e-23
	91 	 3.42877134e-21 	 1.83793031e-23
	92 	 3.4296667e-21 	 1.82004668e-23
	93 	 3.43031376e-21 	 1.80153233e-23
	94 	 3.43111244e-21 	 1.78405271e-23
	95 	 3.4318682e-21 	 1.76679047e-23
	96 	 3.43201548e-21 	 1.74835157e-23
	97 	 3.43278289e-21 	 1.73193447e-23
	98 	 3.43370581e-21 	 1.71665329e-23
	99 	 3.43435262e-21 	 1.70045549e-23
	100 	 3.43502065e-21 	 1.68469005e-23
	1 	 2.97918891e-21 	 0
	2 	 2.9934639e-21 	 1.42749901e-23
	3 	 3.00610157e-21 	 1.50876005e-23
	4 	 3.0062417e-21 	 1.06694649e-23
	5 	 3.01551358e-21 	 1.24205558e-23
	6 	 3.01084074e-21 	 1.11661172e-23
	7 	 3.00150812e-21 	 1.32723972e-23
	8 	 2.99775263e-21 	 1.20921907e-23
	9 	 2.99639582e-21 	 1.07502768e-23
	10 	 2.99425463e-21 	 9.85086124e-24
	11 	 2.98904225e-21 	 1.03230211e-23
	12 	 2.98764758e-21 	 9.52623082e-24
	13 	 2.98744688e-21 	 8.76515589e-24
	14 	 2.98458704e-21 	 8.60414151e-24
	15 	 2.97477549e-21 	 1.26659721e-23
	16 	 2.97047354e-21 	 1.26047712e-23
	17 	 2.97139702e-21 	 1.18760798e-23
	18 	 2.97153247e-21 	 1.11976946e-23
	19 	 2.96614125e-21 	 1.18850687e-23
	20 	 2.96219631e-21 	 1.19453717e-23
	21 	 2.96108312e-21 	 1.14167149e-23
	22 	 2.96030677e-21 	 1.09130608e-23
	23 	 2.95941114e-21 	 1.0466182e-23
	24 	 2.95740768e-21 	 1.02189239e-23
	25 	 2.95564862e-21 	 9.95824222e-24
	26 	 2.95532225e-21 	 9.57313458e-24
	27 	 2.9552546e-21 	 9.21200146e-24
	28 	 2.95376841e-21 	 9.00045763e-24
	29 	 2.9536988e-21 	 8.68483202e-24
	30 	 2.95403912e-21 	 8.39724372e-24
	31 	 2.95424715e-21 	 8.12451269e-24
	32 	 2.95612386e-21 	 8.08729114e-24
	33 	 2.95592799e-21 	 7.84083849e-24
	34 	 2.95652139e-21 	 7.62984159e-24
	35 	 2.95808552e-21 	 7.57194935e-24
	36 	 2.95957045e-21 	 7.50694333e-24
	37 	 2.96049779e-21 	 7.35989071e-24
	38 	 2.96251535e-21 	 7.44228214e-24
	39 	 2.96417122e-21 	 7.43566312e-24
	40 	 2.96501252e-21 	 7.29605571e-24
	41 	 2.96663774e-21 	 7.29911233e-24
	42 	 2.96893216e-21 	 7.48360961e-24
	43 	 2.97142806e-21 	 7.72198724e-24
	44 	 2.97437164e-21 	 8.09835485e-24
	45 	 2.97747559e-21 	 8.50311844e-24
	46 	 2.98036696e-21 	 8.80451268e-24
	47 	 2.9835199e-21 	 9.17397271e-24
	48 	 2.98669335e-21 	 9.52500829e-24
	49 	 2.98999411e-21 	 9.89533927e-24
	50 	 2.99294527e-21 	 1.0134611e-23
	51 	 2.99472873e-21 	 1.00927318e-23
	52 	 2.99683835e-21 	 1.01190867e-23
	53 	 2.99885461e-21 	 1.01290276e-23
	54 	 2.99988e-21 	 9.9924344e-24
	55 	 2.99989061e-21 	 9.80907713e-24
	56 	 3.00035755e-21 	 9.6436335e-24
	57 	 3.00074612e-21 	 9.48090223e-24
	58 	 3.00113067e-21 	 9.32393772e-24
	59 	 3.00136096e-21 	 9.16743547e-24
	60 	 3.00109027e-21 	 9.01741386e-24
	61 	 3.00094945e-21 	 8.86947332e-24
	62 	 3.0004526e-21 	 8.73937934e-24
	63 	 2.99950522e-21 	 8.65156833e-24
	64 	 2.99958967e-21 	 8.5157334e-24
	65 	 2.9996558e-21 	 8.38395934e-24
	66 	 2.99965977e-21 	 8.2559534e-24
	67 	 3.00013474e-21 	 8.14565634e-24
	68 	 3.00075148e-21 	 8.04863741e-24
	69 	 3.00081086e-21 	 7.93135502e-24
	70 	 3.00071457e-21 	 7.81782186e-24
	71 	 3.0011202e-21 	 7.71759222e-24
	72 	 3.00155583e-21 	 7.62210773e-24
	73 	 3.0021495e-21 	 7.54037657e-24
	74 	 3.00199122e-21 	 7.4394656e-24
	75 	 3.00213169e-21 	 7.34094672e-24
	76 	 3.00258113e-21 	 7.25764064e-24
	77 	 3.00244435e-21 	 7.16407132e-24
	78 	 3.00204786e-21 	 7.0827344e-24
	79 	 3.00188744e-21 	 6.99434461e-24
	80 	 3.00175897e-21 	 6.90755682e-24
	81 	 3.00207549e-21 	 6.82908476e-24
	82 	 3.0025156e-21 	 6.75963135e-24
	83 	 3.00233529e-21 	 6.68012708e-24
	84 	 3.00180273e-21 	 6.6215742e-24
	85 	 3.00179523e-21 	 6.54321391e-24
	86 	 3.00150012e-21 	 6.47341281e-24
	87 	 3.00132862e-21 	 6.40087116e-24
	88 	 3.00086253e-21 	 6.34485799e-24
	89 	 3.0002838e-21 	 6.29980106e-24
	90 	 2.99965303e-21 	 6.26126407e-24
	91 	 2.99947551e-21 	 6.1946207e-24
	92 	 2.99942229e-21 	 6.12714901e-24
	93 	 2.99904592e-21 	 6.07258251e-24
	94 	 2.99884911e-21 	 6.01085611e-24
	95 	 2.99880529e-21 	 5.94740886e-24
	96 	 2.99891031e-21 	 5.8860677e-24
	97 	 2.99906043e-21 	 5.82700463e-24
	98 	 2.99954501e-21 	 5.78756053e-24
	99 	 2.99988311e-21 	 5.73877024e-24
	100 	 3.00022667e-21 	 5.69147151e-24
	1 	 3.00364159e-21 	 0
	2 	 3.00905746e-21 	 5.41586365e-24
	3 	 3.00626561e-21 	 4.1918491e-24
	4 	 3.00718428e-21 	 3.10318541e-24
	5 	 3.00932277e-21 	 3.21729587e-24
	6 	 3.01050574e-21 	 2.88098696e-24
	7 	 3.00607087e-21 	 5.05932449e-24
	8 	 3.00248283e-21 	 5.66318078e-24
	9 	 3.00270113e-21 	 4.99922486e-24
	10 	 3.004531e-21 	 4.83137916e-24
	11 	 3.00054704e-21 	 5.91355406e-24
	12 	 2.9973985e-21 	 6.2494083e-24
	13 	 2.99939561e-21 	 6.08564491e-24
	14 	 3.0025495e-21 	 6.4568864e-24
	15 	 3.00064466e-21 	 6.30562798e-24
	16 	 3.00053944e-21 	 5.89931331e-24
	17 	 3.00455377e-21 	 6.84268843e-24
	18 	 3.00620769e-21 	 6.65998217e-24
	19 	 3.00521856e-21 	 6.37689211e-24
	20 	 3.00879426e-21 	 7.0273644e-24
	21 	 3.01293774e-21 	 7.86442004e-24
	22 	 3.01530179e-21 	 7.8622628e-24
	23 	 3.01485969e-21 	 7.52564935e-24
	24 	 3.01530253e-21 	 7.21885655e-24
	25 	 3.01622558e-21 	 6.98533943e-24
	26 	 3.01685178e-21 	 6.74044793e-24
	27 	 3.01999377e-21 	 7.20695836e-24
	28 	 3.02068899e-21 	 6.97951008e-24
	29 	 3.02114249e-21 	 6.7497905e-24
	30 	 3.02303625e-21 	 6.79033635e-24
	31 	 3.02366234e-21 	 6.59741688e-24
	32 	 3.02311185e-21 	 6.4115977e-24
	33 	 3.02388546e-21 	 6.26223807e-24
	34 	 3.02564957e-21 	 6.32620867e-24
	35 	 3.02669823e-21 	 6.23166912e-24
	36 	 3.02916016e-21 	 6.53738138e-24
	37 	 3.03309093e-21 	 7.47517345e-24
	38 	 3.03693632e-21 	 8.22947345e-24
	39 	 3.03901855e-21 	 8.28172028e-24
	40 	 3.0415103e-21 	 8.44786299e-24
	41 	 3.04305846e-21 	 8.3834301e-24
	42 	 3.04665748e-21 	 8.93801383e-24
	43 	 3.04952683e-21 	 9.18724744e-24
	44 	 3.05199025e-21 	 9.30791772e-24
	45 	 3.05395142e-21 	 9.30768414e-24
	46 	 3.05596716e-21 	 9.32360036e-24
	47 	 3.05688557e-21 	 9.16918054e-24
	48 	 3.05674074e-21 	 8.97729179e-24
	49 	 3.05812534e-21 	 8.90052931e-24
	50 	 3.05900201e-21 	 8.76465533e-24
	51 	 3.05924931e-21 	 8.59463945e-24
	52 	 3.05936867e-21 	 8.4285825e-24
	53 	 3.05946609e-21 	 8.26859734e-24
	54 	 3.05807643e-21 	 8.23217252e-24
	55 	 3.05732023e-21 	 8.11641481e-24
	56 	 3.05624853e-21 	 8.04189058e-24
	57 	 3.05538608e-21 	 7.946485e-24
	58 	 3.05424299e-21 	 7.89150307e-24
	59 	 3.05242592e-21 	 7.96658766e-24
	60 	 3.05210973e-21 	 7.83906504e-24
	61 	 3.05082691e-21 	 7.81548429e-24
	62 	 3.04934928e-21 	 7.82909975e-24
	63 	 3.04935633e-21 	 7.7038293e-24
	64 	 3.04974341e-21 	 7.59237519e-24
	65 	 3.04972347e-21 	 7.47468342e-24
	66 	 3.0497008e-21 	 7.36059431e-24
	67 	 3.05039558e-21 	 7.28311722e-24
	68 	 3.05103547e-21 	 7.20369015e-24
	69 	 3.05118068e-21 	 7.10000616e-24
	70 	 3.05151317e-21 	 7.00573678e-24
	71 	 3.05153898e-21 	 6.90640783e-24
	72 	 3.05136971e-21 	 6.81191345e-24
	73 	 3.05190767e-21 	 6.73945695e-24
	74 	 3.05232967e-21 	 6.66114017e-24
	75 	 3.05263988e-21 	 6.57904209e-24
	76 	 3.05198962e-21 	 6.52438441e-24
	77 	 3.05172325e-21 	 6.44460178e-24
	78 	 3.05178067e-21 	 6.36170131e-24
	79 	 3.05199887e-21 	 6.28444646e-24
	80 	 3.05191698e-21 	 6.20593397e-24
	81 	 3.05160768e-21 	 6.1366382e-24
	82 	 3.05140861e-21 	 6.06460751e-24
	83 	 3.05155611e-21 	 5.99290989e-24
	84 	 3.05187713e-21 	 5.92983166e-24
	85 	 3.05227803e-21 	 5.87335224e-24
	86 	 3.05233306e-21 	 5.80491647e-24
	87 	 3.05233066e-21 	 5.73780586e-24
	88 	 3.05291229e-21 	 5.70197063e-24
	89 	 3.05338525e-21 	 5.65734423e-24
	90 	 3.05355445e-21 	 5.59669e-24
	91 	 3.05390622e-21 	 5.54601315e-24
	92 	 3.05407643e-21 	 5.48803929e-24
	93 	 3.05474641e-21 	 5.46989444e-24
	94 	 3.05525563e-21 	 5.43529773e-24
	95 	 3.0554757e-21 	 5.38228069e-24
	96 	 3.0559096e-21 	 5.3435655e-24
	97 	 3.0558439e-21 	 5.28859839e-24
	98 	 3.0563864e-21 	 5.26239266e-24
	99 	 3.05663755e-21 	 5.21501741e-24
	100 	 3.05598488e-21 	 5.20369696e-24
	1 	 3.00047895e-21 	 0
	2 	 3.00861644e-21 	 8.13748366e-24
	3 	 3.00328167e-21 	 7.10863099e-24
	4 	 2.99494934e-21 	 9.73108628e-24
	5 	 2.98487911e-21 	 1.25787864e-23
	6 	 2.96886555e-21 	 1.9024147e-23
	7 	 2.97726495e-21 	 1.81400932e-23
	8 	 2.97753131e-21 	 1.57120393e-23
	9 	 2.98275969e-21 	 1.48102877e-23
	10 	 2.98968304e-21 	 1.49468515e-23
	11 	 2.99388191e-21 	 1.41569489e-23
	12 	 2.99267404e-21 	 1.29797902e-23
	13 	 2.99039422e-21 	 1.21553811e-23
	14 	 2.99442708e-21 	 1.19544806e-23
	15 	 2.99442295e-21 	 1.11290165e-23
	16 	 2.993469e-21 	 1.04538586e-23
	17 	 2.99325521e-21 	 9.82201719e-24
	18 	 2.99225218e-21 	 9.3144507e-24
	19 	 2.99251771e-21 	 8.81458885e-24
	20 	 2.99364572e-21 	 8.43799062e-24
	21 	 2.99349673e-21 	 8.02751279e-24
	22 	 2.99284846e-21 	 7.68133764e-24
	23 	 2.99336001e-21 	 7.35757719e-24
	24 	 2.99307396e-21 	 7.05014958e-24
	25 	 2.99371389e-21 	 6.79247758e-24
	26 	 2.9952353e-21 	 6.70099983e-24
	27 	 2.99446204e-21 	 6.49424002e-24
	28 	 2.99339935e-21 	 6.34759465e-24
	29 	 2.99499784e-21 	 6.32995855e-24
	30 	 2.99709495e-21 	 6.46490596e-24
	31 	 2.99681111e-21 	 6.25932255e-24
	32 	 2.99738617e-21 	 6.08778431e-24
	33 	 2.99820681e-21 	 5.9572171e-24
	34 	 2.99963326e-21 	 5.95278364e-24
	35 	 3.00226659e-21 	 6.35178421e-24
	36 	 3.00310167e-21 	 6.22905528e-24
	37 	 3.00524783e-21 	 6.42726874e-24
	38 	 3.00772697e-21 	 6.72916596e-24
	39 	 3.00926891e-21 	 6.73328538e-24
	40 	 3.01009346e-21 	 6.61439068e-24
	41 	 3.01199575e-21 	 6.72567522e-24
	42 	 3.01367709e-21 	 6.77551351e-24
	43 	 3.01467674e-21 	 6.691162e-24
	44 	 3.01416751e-21 	 6.55712541e-24
	45 	 3.01496023e-21 	 6.45858868e-24
	46 	 3.01616326e-21 	 6.4301656e-24
	47 	 3.01625625e-21 	 6.29255345e-24
	48 	 3.01589038e-21 	 6.17091965e-24
	49 	 3.01649346e-21 	 6.07368575e-24
	50 	 3.0163715e-21 	 5.95222184e-24
	51 	 3.01578811e-21 	 5.86343966e-24
	52 	 3.01649307e-21 	 5.79263229e-24
	53 	 3.01689133e-21 	 5.69622576e-24
	54 	 3.0153838e-21 	 5.78946352e-24
	55 	 3.01448447e-21 	 5.75394229e-24
	56 	 3.01457021e-21 	 5.65090963e-24
	57 	 3.01405254e-21 	 5.57497227e-24
	58 	 3.01312606e-21 	 5.5558024e-24
	59 	 3.012506e-21 	 5.49591417e-24
	60 	 3.01264631e-21 	 5.40536055e-24
	61 	 3.0130639e-21 	 5.33238565e-24
	62 	 3.01336342e-21 	 5.25421887e-24
	63 	 3.01256071e-21 	 5.23208862e-24
	64 	 3.01232305e-21 	 5.1551696e-24
	65 	 3.01233357e-21 	 5.07525054e-24
	66 	 3.01333723e-21 	 5.09754504e-24
	67 	 3.01427152e-21 	 5.1070713e-24
	68 	 3.01442106e-21 	 5.03362861e-24
	69 	 3.01458072e-21 	 4.96270995e-24
	70 	 3.01514651e-21 	 4.92391554e-24
	71 	 3.01565095e-21 	 4.88020935e-24
	72 	 3.01483017e-21 	 4.88144946e-24
	73 	 3.01418713e-21 	 4.85687315e-24
	74 	 3.01425586e-21 	 4.79128312e-24
	75 	 3.01412998e-21 	 4.72864347e-24
	76 	 3.01371143e-21 	 4.68474445e-24
	77 	 3.01378933e-21 	 4.62415962e-24
	78 	 3.01387794e-21 	 4.56535053e-24
	79 	 3.013924e-21 	 4.50742611e-24
	80 	 3.01483205e-21 	 4.5424154e-24
	81 	 3.01551451e-21 	 4.53759991e-24
	82 	 3.01572031e-21 	 4.48664432e-24
	83 	 3.01597186e-21 	 4.43939146e-24
	84 	 3.01618927e-21 	 4.39160758e-24
	85 	 3.01645552e-21 	 4.34779403e-24
	86 	 3.01700491e-21 	 4.33192062e-24
	87 	 3.01714602e-21 	 4.28416339e-24
	88 	 3.01660868e-21 	 4.26915111e-24
	89 	 3.01640086e-21 	 4.22602336e-24
	90 	 3.01674037e-21 	 4.19257239e-24
	91 	 3.01707662e-21 	 4.15985625e-24
	92 	 3.01700948e-21 	 4.11493971e-24
	93 	 3.01649799e-21 	 4.1024637e-24
	94 	 3.01621455e-21 	 4.06847109e-24
	95 	 3.01602087e-21 	 4.03007369e-24
	96 	 3.01585933e-21 	 3.99114333e-24
	97 	 3.01542732e-21 	 3.97333903e-24
	98 	 3.01468246e-21 	 4.00250473e-24
	99 	 3.01395862e-21 	 4.02744882e-24
	100 	 3.01320335e-21 	 4.05787773e-24
	1 	 2.922113e-21 	 0
	2 	 2.92535701e-21 	 3.24400796e-24
	3 	 2.93944494e-21 	 1.42118776e-23
	4 	 2.95060597e-21 	 1.50185702e-23
	5 	 2.9479574e-21 	 1.19310262e-23
	6 	 2.94334522e-21 	 1.07783039e-23
	7 	 2.94272318e-21 	 9.13054314e-24
	8 	 2.94156399e-21 	 7.99179787e-24
	9 	 2.94151198e-21 	 7.04829512e-24
	10 	 2.94256839e-21 	 6.39208659e-24
	11 	 2.94525527e-21 	 6.37567519e-24
	12 	 2.94833694e-21 	 6.58567132e-24
	13 	 2.95324404e-21 	 7.79603963e-24
	14 	 2.95934956e-21 	 9.45373061e-24
	15 	 2.96658548e-21 	 1.13936428e-23
	16 	 2.97491406e-21 	 1.35260266e-23
	17 	 2.98604905e-21 	 1.68943056e-23
	18 	 2.99629567e-21 	 1.89393148e-23
	19 	 3.00388574e-21 	 1.94563428e-23
	20 	 3.01242025e-21 	 2.03354898e-23
	21 	 3.02009824e-21 	 2.08110469e-23
	22 	 3.02447679e-21 	 2.03199092e-23
	23 	 3.03076344e-21 	 2.04087339e-23
	24 	 3.03694445e-21 	 2.04941846e-23
	25 	 3.04290366e-21 	 2.05407598e-23
	26 	 3.04647705e-21 	 2.00558305e-23
	27 	 3.04850398e-21 	 1.94048834e-23
	28 	 3.05177126e-21 	 1.89823136e-23
	29 	 3.05553037e-21 	 1.86978312e-23
	30 	 3.05992855e-21 	 1.85915482e-23
	31 	 3.06234411e-21 	 1.81433421e-23
	32 	 3.06440006e-21 	 1.76871135e-23
	33 	 3.06692481e-21 	 1.73276859e-23
	34 	 3.06914786e-21 	 1.6956679e-23
	35 	 3.07105067e-21 	 1.65746623e-23
	36 	 3.07115915e-21 	 1.61080417e-23
	37 	 3.07116471e-21 	 1.56666425e-23
	38 	 3.07054688e-21 	 1.52613011e-23
	39 	 3.06897523e-21 	 1.49476904e-23
	40 	 3.0676588e-21 	 1.46285599e-23
	41 	 3.06640503e-21 	 1.43222876e-23
	42 	 3.06517779e-21 	 1.40308964e-23
	43 	 3.06366245e-21 	 1.3784257e-23
	44 	 3.06211872e-21 	 1.35555239e-23
	45 	 3.06065954e-21 	 1.33309656e-23
	46 	 3.05913163e-21 	 1.31271647e-23
	47 	 3.05712414e-21 	 1.30007538e-23
	48 	 3.0557336e-21 	 1.28027621e-23
	49 	 3.05556819e-21 	 1.25398501e-23
	50 	 3.0523565e-21 	 1.26993262e-23
	51 	 3.05066203e-21 	 1.25626311e-23
	52 	 3.05015652e-21 	 1.23290408e-23
	53 	 3.04931655e-21 	 1.21233149e-23
	54 	 3.04785851e-21 	 1.19857052e-23
	55 	 3.04624502e-21 	 1.18758814e-23
	56 	 3.04519723e-21 	 1.17088607e-23
	57 	 3.04384605e-21 	 1.15807022e-23
	58 	 3.04257788e-21 	 1.14497308e-23
	59 	 3.04121504e-21 	 1.13362131e-23
	60 	 3.03967157e-21 	 1.1252039e-23
	61 	 3.03855363e-21 	 1.11223682e-23
	62 	 3.0376801e-21 	 1.09763188e-23
	63 	 3.03642577e-21 	 1.08732779e-23
	64 	 3.03403583e-21 	 1.09656448e-23
	65 	 3.0329266e-21 	 1.08524603e-23
	66 	 3.03227216e-21 	 1.07067836e-23
	67 	 3.03204383e-21 	 1.05482418e-23
	68 	 3.0315662e-21 	 1.04029334e-23
	69 	 3.03074993e-21 	 1.02835051e-23
	70 	 3.03024669e-21 	 1.01480191e-23
	71 	 3.0296078e-21 	 1.0024448e-23
	72 	 3.02901844e-21 	 9.90179436e-24
	73 	 3.02864097e-21 	 9.77250383e-24
	74 	 3.02785192e-21 	 9.67177859e-24
	75 	 3.02706755e-21 	 9.57413479e-24
	76 	 3.02644616e-21 	 9.46773268e-24
	77 	 3.02565419e-21 	 9.37746943e-24
	78 	 3.0243132e-21 	 9.35309488e-24
	79 	 3.02385613e-21 	 9.24524779e-24
	80 	 3.023478e-21 	 9.13677859e-24
	81 	 3.02335963e-21 	 9.02405015e-24
	82 	 3.02323588e-21 	 8.9141804e-24
	83 	 3.02248479e-21 	 8.83809898e-24
	84 	 3.02207068e-21 	 8.74206321e-24
	85 	 3.02189213e-21 	 8.64044825e-24
	86 	 3.02178096e-21 	 8.54011048e-24
	87 	 3.02147019e-21 	 8.44709601e-24
	88 	 3.02167511e-21 	 8.35306853e-24
	89 	 3.02184856e-21 	 8.26050176e-24
	90 	 3.02125493e-21 	 8.1897459e-24
	91 	 3.02111759e-21 	 8.10041299e-24
	92 	 3.02106936e-21 	 8.01202643e-24
	93 	 3.02090085e-21 	 7.92719856e-24
	94 	 3.02113146e-21 	 7.84580308e-24
	95 	 3.02113265e-21 	 7.76277646e-24
	96 	 3.02081248e-21 	 7.68815844e-24
	97 	 3.0204108e-21 	 7.61908172e-24
	98 	 3.02005538e-21 	 7.5493067e-24
	99 	 3.01988687e-21 	 7.4745616e-24
	100 	 3.01946859e-21 	 7.41125126e-24
	1 	 2.97904674e-21 	 0
	2 	 2.98412843e-21 	 5.08168437e-24
	3 	 2.99275724e-21 	 9.11396243e-24
	4 	 3.00168649e-21 	 1.10119795e-23
	5 	 3.01464456e-21 	 1.55135362e-23
	6 	 3.01684994e-21 	 1.28573016e-23
	7 	 3.01610061e-21 	 1.08922088e-23
	8 	 3.024178e-21 	 1.2418714e-23
	9 	 3.02959543e-21 	 1.22188757e-23
	10 	 3.03688051e-21 	 1.31344219e-23
	11 	 3.03944714e-21 	 1.2154614e-23
	12 	 3.0411774e-21 	 1.12296925e-23
	13 	 3.04091746e-21 	 1.03330846e-23
	14 	 3.03937154e-21 	 9.6906798e-24
	15 	 3.03788891e-21 	 9.14255095e-24
	16 	 3.03674351e-21 	 8.6284354e-24
	17 	 3.03610093e-21 	 8.13043666e-24
	18 	 3.03414895e-21 	 7.91007625e-24
	19 	 3.03096079e-21 	 8.13310743e-24
	20 	 3.02871737e-21 	 8.0352757e-24
	21 	 3.02658786e-21 	 7.93418858e-24
	22 	 3.02590361e-21 	 7.5958336e-24
	23 	 3.02462728e-21 	 7.36943811e-24
	24 	 3.02063145e-21 	 8.10861106e-24
	25 	 3.02090908e-21 	 7.78246042e-24
	26 	 3.01954913e-21 	 7.59981518e-24
	27 	 3.01751962e-21 	 7.58932024e-24
	28 	 3.01659715e-21 	 7.37120191e-24
	29 	 3.01508151e-21 	 7.27217616e-24
	30 	 3.01420514e-21 	 7.08003812e-24
	31 	 3.01264871e-21 	 7.02249245e-24
	32 	 3.01092674e-21 	 7.01415609e-24
	33 	 3.0082211e-21 	 7.3169086e-24
	34 	 3.00766145e-21 	 7.12047121e-24
	35 	 3.00789392e-21 	 6.91794373e-24
	36 	 3.00767089e-21 	 6.72673137e-24
	37 	 3.00666807e-21 	 6.61881245e-24
	38 	 3.00633823e-21 	 6.45071713e-24
	39 	 3.00661587e-21 	 6.28926865e-24
	40 	 3.00693596e-21 	 6.13837185e-24
	41 	 3.00739194e-21 	 6.00412376e-24
	42 	 3.00822391e-21 	 5.91819549e-24
	43 	 3.00829695e-21 	 5.77938585e-24
	44 	 3.00793468e-21 	 5.65811811e-24
	45 	 3.00789467e-21 	 5.53109784e-24
	46 	 3.00872803e-21 	 5.47333541e-24
	47 	 3.00947118e-21 	 5.40692878e-24
	48 	 3.00824554e-21 	 5.43313412e-24
	49 	 3.00828221e-21 	 5.32122509e-24
	50 	 3.00853142e-21 	 5.21966708e-24
	51 	 3.0086219e-21 	 5.11709709e-24
	52 	 3.00839054e-21 	 5.02305771e-24
	53 	 3.00875203e-21 	 4.94061415e-24
	54 	 3.00825096e-21 	 4.87408187e-24
	55 	 3.00743317e-21 	 4.85402816e-24
	56 	 3.00708715e-21 	 4.77910375e-24
	57 	 3.00571231e-21 	 4.89168897e-24
	58 	 3.00450118e-21 	 4.95684682e-24
	59 	 3.00349685e-21 	 4.97454708e-24
	60 	 3.00246459e-21 	 4.9986807e-24
	61 	 3.00152001e-21 	 5.00597544e-24
	62 	 3.00052216e-21 	 5.02465129e-24
	63 	 2.99899192e-21 	 5.17564153e-24
	64 	 2.99836577e-21 	 5.13246777e-24
	65 	 2.99832893e-21 	 5.05302405e-24
	66 	 2.99792744e-21 	 4.99204615e-24
	67 	 2.9981137e-21 	 4.9205002e-24
	68 	 2.99883371e-21 	 4.90078001e-24
	69 	 2.99950411e-21 	 4.87554292e-24
	70 	 2.99985311e-21 	 4.81804375e-24
	71 	 3.00084133e-21 	 4.85141429e-24
	72 	 3.00147024e-21 	 4.82472461e-24
	73 	 3.0020481e-21 	 4.79313506e-24
	74 	 3.00183707e-21 	 4.73262671e-24
	75 	 3.00213234e-21 	 4.67842571e-24
	76 	 3.00263409e-21 	 4.64364332e-24
	77 	 3.00288905e-21 	 4.59002648e-24
	78 	 3.00289845e-21 	 4.53080759e-24
	79 	 3.00304678e-21 	 4.47554639e-24
	80 	 3.00288565e-21 	 4.42218417e-24
	81 	 3.00280113e-21 	 4.36806599e-24
	82 	 3.00323027e-21 	 4.33575792e-24
	83 	 3.00385223e-21 	 4.3281231e-24
	84 	 3.00424319e-21 	 4.29412168e-24
	85 	 3.00451262e-21 	 4.25184711e-24
	86 	 3.00501334e-21 	 4.23184447e-24
	87 	 3.0052251e-21 	 4.18827658e-24
	88 	 3.00559701e-21 	 4.15707835e-24
	89 	 3.00581465e-21 	 4.11586225e-24
	90 	 3.00573297e-21 	 4.07069303e-24
	91 	 3.00496907e-21 	 4.09754676e-24
	92 	 3.00458081e-21 	 4.07131892e-24
	93 	 3.004123e-21 	 4.05324085e-24
	94 	 3.00359316e-21 	 4.04474327e-24
	95 	 3.00275994e-21 	 4.0877605e-24
	96 	 3.00171897e-21 	 4.17675528e-24
	97 	 3.00090759e-21 	 4.21235377e-24
	98 	 2.99992184e-21 	 4.28409962e-24
	99 	 2.99846367e-21 	 4.48430561e-24
	100 	 2.99750352e-21 	 4.54188332e-24
	1 	 2.95857915e-21 	 0
	2 	 3.00384805e-21 	 4.52689e-23
	3 	 3.01322129e-21 	 2.77659638e-23
	4 	 3.00381871e-21 	 2.17688531e-23
	5 	 3.00378021e-21 	 1.68621251e-23
	6 	 3.00214286e-21 	 1.38648877e-23
	7 	 2.99981998e-21 	 1.19459839e-23
	8 	 3.00313638e-21 	 1.0864088e-23
	9 	 2.9973576e-21 	 1.11890233e-23
	10 	 2.99134163e-21 	 1.16767832e-23
	11 	 2.98897925e-21 	 1.08230164e-23
	12 	 2.98657772e-21 	 1.01676983e-23
	13 	 2.98528487e-21 	 9.44185508e-24
	14 	 2.98531036e-21 	 8.74149639e-24
	15 	 2.98378262e-21 	 8.28005127e-24
	16 	 2.98488138e-21 	 7.82282716e-24
	17 	 2.99026152e-21 	 9.10729788e-24
	18 	 2.99383776e-21 	 9.30142334e-24
	19 	 2.99716748e-21 	 9.40726006e-24
	20 	 2.99942675e-21 	 9.20604094e-24
	21 	 3.00399739e-21 	 9.87777277e-24
	22 	 3.0090513e-21 	 1.06884235e-23
	23 	 3.01320701e-21 	 1.1026251e-23
	24 	 3.01515436e-21 	 1.07349361e-23
	25 	 3.01883912e-21 	 1.09360511e-23
	26 	 3.0200253e-21 	 1.0573762e-23
	27 	 3.02245373e-21 	 1.04603968e-23
	28 	 3.02468922e-21 	 1.03248049e-23
	29 	 3.02666755e-21 	 1.01569474e-23
	30 	 3.02925881e-21 	 1.01489231e-23
	31 	 3.03058003e-21 	 9.90459738e-24
	32 	 3.02938213e-21 	 9.66461089e-24
	33 	 3.03081874e-21 	 9.4766909e-24
	34 	 3.03182889e-21 	 9.24906884e-24
	35 	 3.0324245e-21 	 9.00065104e-24
	36 	 3.03286558e-21 	 8.7581746e-24
	37 	 3.03346515e-21 	 8.53925403e-24
	38 	 3.03300259e-21 	 8.32436134e-24
	39 	 3.0329283e-21 	 8.10844751e-24
	40 	 3.03346031e-21 	 7.92102346e-24
	41 	 3.0335009e-21 	 7.72551908e-24
	42 	 3.0321017e-21 	 7.66807308e-24
	43 	 3.03048038e-21 	 7.66114736e-24
	44 	 3.02942733e-21 	 7.55871797e-24
	45 	 3.02817995e-21 	 7.49338853e-24
	46 	 3.02629089e-21 	 7.56822799e-24
	47 	 3.02470771e-21 	 7.5727905e-24
	48 	 3.02264752e-21 	 7.69428897e-24
	49 	 3.02008084e-21 	 7.96075028e-24
	50 	 3.01776088e-21 	 8.13761761e-24
	51 	 3.01630753e-21 	 8.10778185e-24
	52 	 3.01480648e-21 	 8.09079522e-24
	53 	 3.01333806e-21 	 8.07136941e-24
	54 	 3.01215593e-21 	 8.00821998e-24
	55 	 3.01141649e-21 	 7.89596748e-24
	56 	 3.01073239e-21 	 7.78380604e-24
	57 	 3.01053411e-21 	 7.6485993e-24
	58 	 3.01056736e-21 	 7.5156436e-24
	59 	 3.01068765e-21 	 7.38814081e-24
	60 	 3.01115971e-21 	 7.27928417e-24
	61 	 3.01143508e-21 	 7.16425137e-24
	62 	 3.01153052e-21 	 7.0483979e-24
	63 	 3.01115571e-21 	 6.94573625e-24
	64 	 3.01064883e-21 	 6.85511323e-24
	65 	 3.0096887e-21 	 6.81678158e-24
	66 	 3.00951507e-21 	 6.71494766e-24
	67 	 3.00906149e-21 	 6.62950019e-24
	68 	 3.00884269e-21 	 6.53494368e-24
	69 	 3.00847507e-21 	 6.45002305e-24
	70 	 3.00728143e-21 	 6.46830043e-24
	71 	 3.00661607e-21 	 6.41116595e-24
	72 	 3.00669113e-21 	 6.3219404e-24
	73 	 3.00625157e-21 	 6.25021224e-24
	74 	 3.00602368e-21 	 6.169382e-24
	75 	 3.00528514e-21 	 6.13121094e-24
	76 	 3.00500802e-21 	 6.05634275e-24
	77 	 3.00505456e-21 	 5.97735264e-24
	78 	 3.00490693e-21 	 5.90206879e-24
	79 	 3.00502925e-21 	 5.82816392e-24
	80 	 3.0046816e-21 	 5.76534186e-24
	81 	 3.00429502e-21 	 5.70682856e-24
	82 	 3.00497931e-21 	 5.67818609e-24
	83 	 3.00588809e-21 	 5.68249784e-24
	84 	 3.00711769e-21 	 5.74750911e-24
	85 	 3.00826675e-21 	 5.79456075e-24
	86 	 3.00915051e-21 	 5.79457617e-24
	87 	 3.01024267e-21 	 5.83078356e-24
	88 	 3.01141903e-21 	 5.88295647e-24
	89 	 3.01280442e-21 	 5.97919183e-24
	90 	 3.01377233e-21 	 5.99108681e-24
	91 	 3.01449367e-21 	 5.96863444e-24
	92 	 3.01526063e-21 	 5.95301355e-24
	93 	 3.01587238e-21 	 5.92034636e-24
	94 	 3.01620038e-21 	 5.86620196e-24
	95 	 3.01677056e-21 	 5.83206316e-24
	96 	 3.01733643e-21 	 5.79866987e-24
	97 	 3.01732605e-21 	 5.7385878e-24
	98 	 3.01741085e-21 	 5.68036203e-24
	99 	 3.01775143e-21 	 5.6329971e-24
	100 	 3.01840804e-21 	 5.61490692e-24
	1 	 2.95709298e-21 	 0
	2 	 2.93667341e-21 	 2.04195721e-23
	3 	 2.94149759e-21 	 1.27380915e-23
	4 	 2.94662273e-21 	 1.03632342e-23
	5 	 2.95531295e-21 	 1.18303745e-23
	6 	 2.96860004e-21 	 1.64271734e-23
	7 	 2.97430126e-21 	 1.500851e-23
	8 	 2.96643832e-21 	 1.51910305e-23
	9 	 2.96323807e-21 	 1.37741556e-23
	10 	 2.96514981e-21 	 1.24674226e-23
	11 	 2.9646908e-21 	 1.12865454e-23
	12 	 2.96708774e-21 	 1.0578298e-23
	13 	 2.96917143e-21 	 9.95121692e-24
	14 	 2.96640926e-21 	 9.61819223e-24
	15 	 2.96685801e-21 	 8.96528754e-24
	16 	 2.9680601e-21 	 8.47197521e-24
	17 	 2.96802652e-21 	 7.95810586e-24
	18 	 2.97071963e-21 	 7.97166656e-24
	19 	 2.9756902e-21 	 9.03132267e-24
	20 	 2.97930696e-21 	 9.29996234e-24
	21 	 2.98344965e-21 	 9.76801378e-24
	22 	 2.98743896e-21 	 1.01318627e-23
	23 	 2.99194567e-21 	 1.06788884e-23
	24 	 2.9968898e-21 	 1.13569293e-23
	25 	 3.00056116e-21 	 1.149523e-23
	26 	 3.0038425e-21 	 1.15214097e-23
	27 	 3.00702811e-21 	 1.15350858e-23
	28 	 3.00936354e-21 	 1.13581796e-23
	29 	 3.0114468e-21 	 1.11557666e-23
	30 	 3.01406213e-21 	 1.109028e-23
	31 	 3.0155305e-21 	 1.08266024e-23
	32 	 3.01609238e-21 	 1.04978602e-23
	33 	 3.01674822e-21 	 1.01958863e-23
	34 	 3.01809684e-21 	 9.98297523e-24
	35 	 3.01794715e-21 	 9.69470754e-24
	36 	 3.01907619e-21 	 9.48897093e-24
	37 	 3.01919816e-21 	 9.22975551e-24
	38 	 3.01985801e-21 	 9.00778492e-24
	39 	 3.02077572e-21 	 8.8216407e-24
	40 	 3.02108705e-21 	 8.60390633e-24
	41 	 3.02225814e-21 	 8.47275476e-24
	42 	 3.02384216e-21 	 8.41892146e-24
	43 	 3.02526788e-21 	 8.34351621e-24
	44 	 3.02740511e-21 	 8.42720092e-24
	45 	 3.02873515e-21 	 8.34448313e-24
	46 	 3.03141045e-21 	 8.5883756e-24
	47 	 3.03382984e-21 	 8.74499287e-24
	48 	 3.03561888e-21 	 8.74580572e-24
	49 	 3.03770079e-21 	 8.81484402e-24
	50 	 3.03991815e-21 	 8.91684219e-24
	51 	 3.04216721e-21 	 9.02498314e-24
	52 	 3.04415461e-21 	 9.07013551e-24
	53 	 3.04585273e-21 	 9.05795614e-24
	54 	 3.04712683e-21 	 8.97948362e-24
	55 	 3.04845015e-21 	 8.91348688e-24
	56 	 3.04916933e-21 	 8.78236698e-24
	57 	 3.04965733e-21 	 8.64070601e-24
	58 	 3.04891333e-21 	 8.5229569e-24
	59 	 3.04766872e-21 	 8.46920651e-24
	60 	 3.04545399e-21 	 8.61635354e-24
	61 	 3.04454985e-21 	 8.52202277e-24
	62 	 3.04344297e-21 	 8.4562006e-24
	63 	 3.04138222e-21 	 8.57227759e-24
	64 	 3.03981274e-21 	 8.5820066e-24
	65 	 3.03816568e-21 	 8.60798713e-24
	66 	 3.03647655e-21 	 8.64321824e-24
	67 	 3.03464542e-21 	 8.70794368e-24
	68 	 3.03246694e-21 	 8.85120364e-24
	69 	 3.03098443e-21 	 8.84707878e-24
	70 	 3.02970806e-21 	 8.81269645e-24
	71 	 3.0277336e-21 	 8.90923047e-24
	72 	 3.02539035e-21 	 9.09177427e-24
	73 	 3.02436425e-21 	 9.02488617e-24
	74 	 3.02382354e-21 	 8.91849934e-24
	75 	 3.02377298e-21 	 8.79892776e-24
	76 	 3.02351415e-21 	 8.68623769e-24
	77 	 3.02288722e-21 	 8.59558083e-24
	78 	 3.0228392e-21 	 8.48480131e-24
	79 	 3.02316325e-21 	 8.38297551e-24
	80 	 3.02361183e-21 	 8.28967113e-24
	81 	 3.02441851e-21 	 8.22633691e-24
	82 	 3.02497913e-21 	 8.14471399e-24
	83 	 3.02514566e-21 	 8.04770964e-24
	84 	 3.02491209e-21 	 7.95475603e-24
	85 	 3.02460879e-21 	 7.86646304e-24
	86 	 3.02421096e-21 	 7.78462633e-24
	87 	 3.02375093e-21 	 7.70836738e-24
	88 	 3.02302353e-21 	 7.65490692e-24
	89 	 3.02251709e-21 	 7.58533354e-24
	90 	 3.02204519e-21 	 7.51540871e-24
	91 	 3.02132406e-21 	 7.46726502e-24
	92 	 3.02050981e-21 	 7.43040236e-24
	93 	 3.01980859e-21 	 7.38344426e-24
	94 	 3.01932148e-21 	 7.32069868e-24
	95 	 3.01881383e-21 	 7.26099629e-24
	96 	 3.01799112e-21 	 7.23191137e-24
	97 	 3.01717267e-21 	 7.20361315e-24
	98 	 3.01702605e-21 	 7.13123539e-24
	99 	 3.01671991e-21 	 7.06547078e-24
	100 	 3.01621264e-21 	 7.01283025e-24
	1 	 2.97353082e-21 	 0
	2 	 2.97488443e-21 	 1.35361141e-24
	3 	 2.98826525e-21 	 1.34036294e-23
	4 	 2.9873464e-21 	 9.52223337e-24
	5 	 2.98108884e-21 	 9.67268444e-24
	6 	 2.9729263e-21 	 1.13578578e-23
	7 	 2.97899616e-21 	 1.1357233e-23
	8 	 2.98503267e-21 	 1.15403429e-23
	9 	 2.98351762e-21 	 1.02897745e-23
	10 	 2.97926375e-21 	 1.01389808e-23
	11 	 2.97743434e-21 	 9.35173658e-24
	12 	 2.97992966e-21 	 8.89414373e-24
	13 	 2.98492234e-21 	 9.58449291e-24
	14 	 2.98580095e-21 	 8.91690768e-24
	15 	 2.99034089e-21 	 9.4615426e-24
	16 	 2.99369309e-21 	 9.46403316e-24
	17 	 2.99956407e-21 	 1.06535887e-23
	18 	 3.00406825e-21 	 1.10079776e-23
	19 	 3.00907179e-21 	 1.15523024e-23
	20 	 3.01538132e-21 	 1.2645961e-23
	21 	 3.01976663e-21 	 1.28031525e-23
	22 	 3.02357017e-21 	 1.27861545e-23
	23 	 3.0327972e-21 	 1.53103767e-23
	24 	 3.03987325e-21 	 1.6277107e-23
	25 	 3.04590785e-21 	 1.6738133e-23
	26 	 3.04976214e-21 	 1.6536913e-23
	27 	 3.05154609e-21 	 1.60123374e-23
	28 	 3.05592542e-21 	 1.60393133e-23
	29 	 3.06147197e-21 	 1.64402485e-23
	30 	 3.06544014e-21 	 1.63709922e-23
	31 	 3.06900814e-21 	 1.62311132e-23
	32 	 3.07238986e-21 	 1.60754324e-23
	33 	 3.07332339e-21 	 1.56086262e-23
	34 	 3.07667884e-21 	 1.55099039e-23
	35 	 3.07910922e-21 	 1.52550888e-23
	36 	 3.07805355e-21 	 1.48628194e-23
	37 	 3.07808795e-21 	 1.44555823e-23
	38 	 3.07664536e-21 	 1.4143791e-23
	39 	 3.07339998e-21 	 1.41534642e-23
	40 	 3.07102753e-21 	 1.39976085e-23
	41 	 3.0691428e-21 	 1.37814192e-23
	42 	 3.06732508e-21 	 1.35715686e-23
	43 	 3.06650255e-21 	 1.3277694e-23
	44 	 3.064559e-21 	 1.31172046e-23
	45 	 3.0655795e-21 	 1.28629438e-23
	46 	 3.06787782e-21 	 1.27884272e-23
	47 	 3.06918171e-21 	 1.25811238e-23
	48 	 3.07070429e-21 	 1.24099853e-23
	49 	 3.0718032e-21 	 1.22036597e-23
	50 	 3.0712174e-21 	 1.19714369e-23
	51 	 3.06889435e-21 	 1.19620914e-23
	52 	 3.0658456e-21 	 1.21195285e-23
	53 	 3.06343036e-21 	 1.21315139e-23
	54 	 3.06085864e-21 	 1.21793471e-23
	55 	 3.05826969e-21 	 1.22329515e-23
	56 	 3.0577206e-21 	 1.20250625e-23
	57 	 3.05662724e-21 	 1.18627072e-23
	58 	 3.05545988e-21 	 1.17146918e-23
	59 	 3.05347012e-21 	 1.16850822e-23
	60 	 3.05196632e-21 	 1.15866811e-23
	61 	 3.05126269e-21 	 1.14168558e-23
	62 	 3.04939478e-21 	 1.13854746e-23
	63 	 3.04649552e-21 	 1.15723587e-23
	64 	 3.04402756e-21 	 1.16544126e-23
	65 	 3.04173936e-21 	 1.1699657e-23
	66 	 3.04021106e-21 	 1.16219511e-23
	67 	 3.03821355e-21 	 1.16201479e-23
	68 	 3.03640318e-21 	 1.15902495e-23
	69 	 3.03527434e-21 	 1.14766907e-23
	70 	 3.03472367e-21 	 1.13249457e-23
	71 	 3.03417999e-21 	 1.11775304e-23
	72 	 3.03309802e-21 	 1.1074175e-23
	73 	 3.03236313e-21 	 1.09461175e-23
	74 	 3.03218501e-21 	 1.07986529e-23
	75 	 3.03234542e-21 	 1.06549055e-23
	76 	 3.03284596e-21 	 1.05256826e-23
	77 	 3.03314653e-21 	 1.03924336e-23
	78 	 3.03222223e-21 	 1.02998885e-23
	79 	 3.03031419e-21 	 1.03461366e-23
	80 	 3.02810171e-21 	 1.04528262e-23
	81 	 3.02730929e-21 	 1.03533416e-23
	82 	 3.02597913e-21 	 1.03124484e-23
	83 	 3.02500051e-21 	 1.02343401e-23
	84 	 3.02422886e-21 	 1.01411691e-23
	85 	 3.02452617e-21 	 1.00255607e-23
	86 	 3.02441778e-21 	 9.90889149e-24
	87 	 3.02462497e-21 	 9.79652513e-24
	88 	 3.02436787e-21 	 9.68797321e-24
	89 	 3.02429669e-21 	 9.57876555e-24
	90 	 3.02458676e-21 	 9.47617744e-24
	91 	 3.02528566e-21 	 9.39749066e-24
	92 	 3.02565742e-21 	 9.30221412e-24
	93 	 3.02645952e-21 	 9.23654006e-24
	94 	 3.02736852e-21 	 9.1828512e-24
	95 	 3.02801385e-21 	 9.10856493e-24
	96 	 3.02884691e-21 	 9.0516013e-24
	97 	 3.02862409e-21 	 8.96057067e-24
	98 	 3.0287065e-21 	 8.86904785e-24
	99 	 3.02798082e-21 	 8.8089458e-24
	100 	 3.02740007e-21 	 8.73972793e-24
