	1 	 -1.09532e-20 	 0
	2 	 -1.09272e-20 	 2.59713e-23
	3 	 -1.09182e-20 	 1.7512e-23
	4 	 -1.09147e-20 	 1.28546e-23
	5 	 -1.09136e-20 	 1.00254e-23
	6 	 -1.0913e-20 	 8.20639e-24
	7 	 -1.09125e-20 	 6.95254e-24
	8 	 -1.09115e-20 	 6.09614e-24
	9 	 -1.09111e-20 	 5.39655e-24
	10 	 -1.09106e-20 	 4.84961e-24
	11 	 -1.09099e-20 	 4.44627e-24
	12 	 -1.09097e-20 	 4.06174e-24
	13 	 -1.09098e-20 	 3.73789e-24
	14 	 -1.09096e-20 	 3.46993e-24
	15 	 -1.09095e-20 	 3.23162e-24
	16 	 -1.09091e-20 	 3.05126e-24
	17 	 -1.09084e-20 	 2.9397e-24
	18 	 -1.09085e-20 	 2.77211e-24
	19 	 -1.09084e-20 	 2.62269e-24
	20 	 -1.09086e-20 	 2.49498e-24
	21 	 -1.09086e-20 	 2.37324e-24
	22 	 -1.09088e-20 	 2.26975e-24
	23 	 -1.09088e-20 	 2.16883e-24
	24 	 -1.09088e-20 	 2.07793e-24
	25 	 -1.09088e-20 	 1.99425e-24
	26 	 -1.09087e-20 	 1.91982e-24
	27 	 -1.09086e-20 	 1.84918e-24
	28 	 -1.09084e-20 	 1.78587e-24
	29 	 -1.09082e-20 	 1.74532e-24
	30 	 -1.09083e-20 	 1.68845e-24
	31 	 -1.09083e-20 	 1.63389e-24
	32 	 -1.09082e-20 	 1.58649e-24
	33 	 -1.09081e-20 	 1.54086e-24
	34 	 -1.09083e-20 	 1.50677e-24
	35 	 -1.09083e-20 	 1.46343e-24
	36 	 -1.09082e-20 	 1.42549e-24
	37 	 -1.0908e-20 	 1.39642e-24
	38 	 -1.09079e-20 	 1.36022e-24
	39 	 -1.09079e-20 	 1.32646e-24
	40 	 -1.09079e-20 	 1.29308e-24
	41 	 -1.09079e-20 	 1.2612e-24
	42 	 -1.09079e-20 	 1.23117e-24
	43 	 -1.09078e-20 	 1.20754e-24
	44 	 -1.09078e-20 	 1.18017e-24
	45 	 -1.09078e-20 	 1.15368e-24
	46 	 -1.09078e-20 	 1.12875e-24
	47 	 -1.09077e-20 	 1.10797e-24
	48 	 -1.09074e-20 	 1.10982e-24
	49 	 -1.09075e-20 	 1.08696e-24
	50 	 -1.09075e-20 	 1.06595e-24
	51 	 -1.09074e-20 	 1.04883e-24
	52 	 -1.09074e-20 	 1.02881e-24
	53 	 -1.09073e-20 	 1.00985e-24
	54 	 -1.09074e-20 	 9.93031e-25
	55 	 -1.09074e-20 	 9.75882e-25
	56 	 -1.09073e-20 	 9.63379e-25
	57 	 -1.09072e-20 	 9.50219e-25
	58 	 -1.09071e-20 	 9.37961e-25
	59 	 -1.09069e-20 	 9.37797e-25
	60 	 -1.09069e-20 	 9.2298e-25
	61 	 -1.09069e-20 	 9.08547e-25
	62 	 -1.09069e-20 	 8.94182e-25
	63 	 -1.09069e-20 	 8.81378e-25
	64 	 -1.09068e-20 	 8.68698e-25
	65 	 -1.09069e-20 	 8.55348e-25
	66 	 -1.09069e-20 	 8.43699e-25
	67 	 -1.0907e-20 	 8.32452e-25
	68 	 -1.09069e-20 	 8.20841e-25
	69 	 -1.0907e-20 	 8.12881e-25
	70 	 -1.09071e-20 	 8.064e-25
	71 	 -1.09071e-20 	 7.95744e-25
	72 	 -1.09071e-20 	 7.86805e-25
	73 	 -1.0907e-20 	 7.8134e-25
	74 	 -1.0907e-20 	 7.70752e-25
	75 	 -1.0907e-20 	 7.62448e-25
	76 	 -1.0907e-20 	 7.53083e-25
	77 	 -1.09069e-20 	 7.46208e-25
	78 	 -1.09069e-20 	 7.3803e-25
	79 	 -1.0907e-20 	 7.31156e-25
	80 	 -1.0907e-20 	 7.24122e-25
	81 	 -1.0907e-20 	 7.15159e-25
	82 	 -1.0907e-20 	 7.07028e-25
	83 	 -1.09071e-20 	 6.98475e-25
	84 	 -1.09071e-20 	 6.9046e-25
	85 	 -1.09071e-20 	 6.82346e-25
	86 	 -1.09071e-20 	 6.74421e-25
	87 	 -1.09071e-20 	 6.66635e-25
	88 	 -1.09071e-20 	 6.59025e-25
	89 	 -1.0907e-20 	 6.54048e-25
	90 	 -1.0907e-20 	 6.5124e-25
	91 	 -1.09069e-20 	 6.46466e-25
	92 	 -1.09069e-20 	 6.40369e-25
	93 	 -1.09069e-20 	 6.35445e-25
	94 	 -1.09068e-20 	 6.38348e-25
	95 	 -1.09067e-20 	 6.36263e-25
	96 	 -1.09067e-20 	 6.29606e-25
	97 	 -1.09067e-20 	 6.24602e-25
	98 	 -1.09066e-20 	 6.19478e-25
	99 	 -1.09066e-20 	 6.13191e-25
	100 	 -1.09066e-20 	 6.07057e-25
	1 	 -9.99081e-21 	 0
	2 	 -9.98667e-21 	 4.13265e-24
	3 	 -9.98372e-21 	 3.79377e-24
	4 	 -9.98437e-21 	 2.75859e-24
	5 	 -9.98496e-21 	 2.21635e-24
	6 	 -9.98566e-21 	 1.94247e-24
	7 	 -9.9865e-21 	 1.84429e-24
	8 	 -9.98687e-21 	 1.63944e-24
	9 	 -9.98652e-21 	 1.48894e-24
	10 	 -9.98653e-21 	 1.33185e-24
	11 	 -9.98673e-21 	 1.2217e-24
	12 	 -9.98713e-21 	 1.18413e-24
	13 	 -9.98767e-21 	 1.21525e-24
	14 	 -9.98756e-21 	 1.13036e-24
	15 	 -9.98738e-21 	 1.06825e-24
	16 	 -9.98746e-21 	 1.00252e-24
	17 	 -9.98777e-21 	 9.91793e-25
	18 	 -9.98759e-21 	 9.52118e-25
	19 	 -9.98728e-21 	 9.53568e-25
	20 	 -9.98713e-21 	 9.16614e-25
	21 	 -9.98706e-21 	 8.74455e-25
	22 	 -9.98743e-21 	 9.11442e-25
	23 	 -9.98758e-21 	 8.82899e-25
	24 	 -9.98755e-21 	 8.45774e-25
	25 	 -9.98755e-21 	 8.1124e-25
	26 	 -9.98757e-21 	 7.79688e-25
	27 	 -9.9876e-21 	 7.50734e-25
	28 	 -9.98754e-21 	 7.26173e-25
	29 	 -9.98738e-21 	 7.17635e-25
	30 	 -9.98747e-21 	 6.98836e-25
	31 	 -9.98759e-21 	 6.862e-25
	32 	 -9.98752e-21 	 6.67759e-25
	33 	 -9.98747e-21 	 6.48869e-25
	34 	 -9.98739e-21 	 6.35149e-25
	35 	 -9.98746e-21 	 6.20753e-25
	36 	 -9.98759e-21 	 6.17234e-25
	37 	 -9.98755e-21 	 6.01771e-25
	38 	 -9.98755e-21 	 5.85728e-25
	39 	 -9.98756e-21 	 5.70618e-25
	40 	 -9.98743e-21 	 5.71864e-25
	41 	 -9.98735e-21 	 5.63191e-25
	42 	 -9.98727e-21 	 5.5589e-25
	43 	 -9.98724e-21 	 5.43621e-25
	44 	 -9.98725e-21 	 5.31191e-25
	45 	 -9.98728e-21 	 5.20458e-25
	46 	 -9.98716e-21 	 5.23483e-25
	47 	 -9.98711e-21 	 5.14876e-25
	48 	 -9.98723e-21 	 5.17833e-25
	49 	 -9.98721e-21 	 5.07428e-25
	50 	 -9.98716e-21 	 4.99496e-25
	51 	 -9.98715e-21 	 4.89661e-25
	52 	 -9.98713e-21 	 4.80891e-25
	53 	 -9.98712e-21 	 4.71742e-25
	54 	 -9.98709e-21 	 4.64487e-25
	55 	 -9.98719e-21 	 4.67633e-25
	56 	 -9.98729e-21 	 4.69976e-25
	57 	 -9.98731e-21 	 4.62146e-25
	58 	 -9.98735e-21 	 4.55631e-25
	59 	 -9.98727e-21 	 4.54686e-25
	60 	 -9.98723e-21 	 4.48853e-25
	61 	 -9.98724e-21 	 4.41598e-25
	62 	 -9.98719e-21 	 4.37257e-25
	63 	 -9.98714e-21 	 4.33851e-25
	64 	 -9.98709e-21 	 4.29094e-25
	65 	 -9.98703e-21 	 4.27772e-25
	66 	 -9.98701e-21 	 4.21505e-25
	67 	 -9.98701e-21 	 4.15169e-25
	68 	 -9.98699e-21 	 4.09412e-25
	69 	 -9.987e-21 	 4.03478e-25
	70 	 -9.98698e-21 	 3.98318e-25
	71 	 -9.98692e-21 	 3.97083e-25
	72 	 -9.98691e-21 	 3.91541e-25
	73 	 -9.98691e-21 	 3.86141e-25
	74 	 -9.98685e-21 	 3.85375e-25
	75 	 -9.98677e-21 	 3.89116e-25
	76 	 -9.98675e-21 	 3.84479e-25
	77 	 -9.9867e-21 	 3.83411e-25
	78 	 -9.98666e-21 	 3.79888e-25
	79 	 -9.98662e-21 	 3.77343e-25
	80 	 -9.98667e-21 	 3.75264e-25
	81 	 -9.98667e-21 	 3.70622e-25
	82 	 -9.98668e-21 	 3.66183e-25
	83 	 -9.98675e-21 	 3.68472e-25
	84 	 -9.98676e-21 	 3.64285e-25
	85 	 -9.98671e-21 	 3.6433e-25
	86 	 -9.98665e-21 	 3.63957e-25
	87 	 -9.98668e-21 	 3.60508e-25
	88 	 -9.98673e-21 	 3.61209e-25
	89 	 -9.98679e-21 	 3.6098e-25
	90 	 -9.98684e-21 	 3.60636e-25
	91 	 -9.98684e-21 	 3.56652e-25
	92 	 -9.98674e-21 	 3.6682e-25
	93 	 -9.9867e-21 	 3.65066e-25
	94 	 -9.98671e-21 	 3.61447e-25
	95 	 -9.98671e-21 	 3.57622e-25
	96 	 -9.98672e-21 	 3.54049e-25
	97 	 -9.98675e-21 	 3.512e-25
	98 	 -9.98675e-21 	 3.47599e-25
	99 	 -9.98669e-21 	 3.48221e-25
	100 	 -9.98667e-21 	 3.45525e-25
	1 	 -9.47309e-21 	 0
	2 	 -9.47626e-21 	 3.16468e-24
	3 	 -9.47696e-21 	 1.9575e-24
	4 	 -9.4765e-21 	 1.457e-24
	5 	 -9.47602e-21 	 1.2296e-24
	6 	 -9.47637e-21 	 1.0645e-24
	7 	 -9.47672e-21 	 9.66185e-25
	8 	 -9.47614e-21 	 1.02255e-24
	9 	 -9.47607e-21 	 9.04442e-25
	10 	 -9.47602e-21 	 8.10182e-25
	11 	 -9.47609e-21 	 7.36248e-25
	12 	 -9.47625e-21 	 6.90253e-25
	13 	 -9.4764e-21 	 6.53304e-25
	14 	 -9.47665e-21 	 6.52021e-25
	15 	 -9.47679e-21 	 6.24508e-25
	16 	 -9.47689e-21 	 5.91364e-25
	17 	 -9.47706e-21 	 5.81658e-25
	18 	 -9.47664e-21 	 6.88158e-25
	19 	 -9.4763e-21 	 7.33313e-25
	20 	 -9.47641e-21 	 7.02992e-25
	21 	 -9.47645e-21 	 6.70206e-25
	22 	 -9.47644e-21 	 6.39091e-25
	23 	 -9.47616e-21 	 6.71756e-25
	24 	 -9.47603e-21 	 6.57415e-25
	25 	 -9.47589e-21 	 6.45155e-25
	26 	 -9.47582e-21 	 6.24055e-25
	27 	 -9.47597e-21 	 6.19758e-25
	28 	 -9.47627e-21 	 6.69926e-25
	29 	 -9.47653e-21 	 6.96734e-25
	30 	 -9.47647e-21 	 6.7591e-25
	31 	 -9.47639e-21 	 6.5923e-25
	32 	 -9.47623e-21 	 6.56891e-25
	33 	 -9.47613e-21 	 6.44499e-25
	34 	 -9.47611e-21 	 6.25742e-25
	35 	 -9.47615e-21 	 6.09091e-25
	36 	 -9.47637e-21 	 6.30724e-25
	37 	 -9.4765e-21 	 6.28463e-25
	38 	 -9.47658e-21 	 6.16214e-25
	39 	 -9.4768e-21 	 6.39536e-25
	40 	 -9.47694e-21 	 6.37964e-25
	41 	 -9.4769e-21 	 6.23027e-25
	42 	 -9.47691e-21 	 6.0805e-25
	43 	 -9.47688e-21 	 5.94481e-25
	44 	 -9.477e-21 	 5.92449e-25
	45 	 -9.47715e-21 	 5.97896e-25
	46 	 -9.47718e-21 	 5.86026e-25
	47 	 -9.47724e-21 	 5.76086e-25
	48 	 -9.47723e-21 	 5.63989e-25
	49 	 -9.47719e-21 	 5.54298e-25
	50 	 -9.47709e-21 	 5.51705e-25
	51 	 -9.47709e-21 	 5.40782e-25
	52 	 -9.47702e-21 	 5.35294e-25
	53 	 -9.47697e-21 	 5.27194e-25
	54 	 -9.47694e-21 	 5.18115e-25
	55 	 -9.47698e-21 	 5.10266e-25
	56 	 -9.47695e-21 	 5.01768e-25
	57 	 -9.47698e-21 	 4.93323e-25
	58 	 -9.477e-21 	 4.85467e-25
	59 	 -9.47697e-21 	 4.78098e-25
	60 	 -9.47699e-21 	 4.70327e-25
	61 	 -9.47705e-21 	 4.66784e-25
	62 	 -9.47706e-21 	 4.59382e-25
	63 	 -9.4771e-21 	 4.53584e-25
	64 	 -9.47715e-21 	 4.48757e-25
	65 	 -9.47715e-21 	 4.41831e-25
	66 	 -9.47711e-21 	 4.36878e-25
	67 	 -9.47714e-21 	 4.31443e-25
	68 	 -9.47718e-21 	 4.26703e-25
	69 	 -9.47722e-21 	 4.21975e-25
	70 	 -9.47719e-21 	 4.16569e-25
	71 	 -9.47713e-21 	 4.15806e-25
	72 	 -9.47707e-21 	 4.14006e-25
	73 	 -9.47702e-21 	 4.10934e-25
	74 	 -9.47699e-21 	 4.06631e-25
	75 	 -9.47695e-21 	 4.02962e-25
	76 	 -9.47707e-21 	 4.13087e-25
	77 	 -9.4771e-21 	 4.09388e-25
	78 	 -9.47717e-21 	 4.09229e-25
	79 	 -9.47717e-21 	 4.04035e-25
	80 	 -9.47715e-21 	 3.99785e-25
	81 	 -9.47721e-21 	 3.99799e-25
	82 	 -9.47723e-21 	 3.95407e-25
	83 	 -9.47729e-21 	 3.95459e-25
	84 	 -9.47735e-21 	 3.95243e-25
	85 	 -9.47732e-21 	 3.91883e-25
	86 	 -9.47727e-21 	 3.90838e-25
	87 	 -9.47729e-21 	 3.86881e-25
	88 	 -9.47733e-21 	 3.85361e-25
	89 	 -9.47739e-21 	 3.84899e-25
	90 	 -9.47733e-21 	 3.85266e-25
	91 	 -9.47729e-21 	 3.825e-25
	92 	 -9.47729e-21 	 3.78346e-25
	93 	 -9.47727e-21 	 3.74667e-25
	94 	 -9.4772e-21 	 3.78265e-25
	95 	 -9.47717e-21 	 3.75577e-25
	96 	 -9.47714e-21 	 3.72489e-25
	97 	 -9.47712e-21 	 3.69151e-25
	98 	 -9.47713e-21 	 3.6539e-25
	99 	 -9.47712e-21 	 3.61683e-25
	100 	 -9.47713e-21 	 3.58175e-25
	1 	 -9.09257e-21 	 0
	2 	 -9.09125e-21 	 1.31549e-24
	3 	 -9.08886e-21 	 2.50666e-24
	4 	 -9.08713e-21 	 2.47851e-24
	5 	 -9.08766e-21 	 1.99108e-24
	6 	 -9.08802e-21 	 1.66499e-24
	7 	 -9.08798e-21 	 1.40759e-24
	8 	 -9.08865e-21 	 1.38863e-24
	9 	 -9.08887e-21 	 1.24534e-24
	10 	 -9.08909e-21 	 1.13488e-24
	11 	 -9.08868e-21 	 1.10618e-24
	12 	 -9.08852e-21 	 1.02252e-24
	13 	 -9.08823e-21 	 9.84112e-25
	14 	 -9.08831e-21 	 9.14794e-25
	15 	 -9.08817e-21 	 8.63147e-25
	16 	 -9.08795e-21 	 8.36048e-25
	17 	 -9.08802e-21 	 7.88199e-25
	18 	 -9.08797e-21 	 7.44822e-25
	19 	 -9.08782e-21 	 7.19672e-25
	20 	 -9.08783e-21 	 6.82756e-25
	21 	 -9.08779e-21 	 6.50355e-25
	22 	 -9.0878e-21 	 6.20172e-25
	23 	 -9.08781e-21 	 5.92635e-25
	24 	 -9.08778e-21 	 5.6816e-25
	25 	 -9.08767e-21 	 5.56522e-25
	26 	 -9.08759e-21 	 5.40193e-25
	27 	 -9.08756e-21 	 5.20864e-25
	28 	 -9.08744e-21 	 5.16713e-25
	29 	 -9.08755e-21 	 5.11708e-25
	30 	 -9.08766e-21 	 5.07098e-25
	31 	 -9.08778e-21 	 5.04772e-25
	32 	 -9.08777e-21 	 4.89043e-25
	33 	 -9.0878e-21 	 4.75019e-25
	34 	 -9.08795e-21 	 4.85518e-25
	35 	 -9.08792e-21 	 4.72162e-25
	36 	 -9.0878e-21 	 4.74339e-25
	37 	 -9.08776e-21 	 4.63168e-25
	38 	 -9.0875e-21 	 5.20691e-25
	39 	 -9.08751e-21 	 5.07234e-25
	40 	 -9.08757e-21 	 4.97577e-25
	41 	 -9.08748e-21 	 4.93193e-25
	42 	 -9.0875e-21 	 4.81648e-25
	43 	 -9.08758e-21 	 4.76823e-25
	44 	 -9.08759e-21 	 4.66187e-25
	45 	 -9.08754e-21 	 4.58722e-25
	46 	 -9.08746e-21 	 4.55045e-25
	47 	 -9.08739e-21 	 4.51542e-25
	48 	 -9.08749e-21 	 4.52554e-25
	49 	 -9.0875e-21 	 4.43522e-25
	50 	 -9.08748e-21 	 4.35012e-25
	51 	 -9.08752e-21 	 4.27711e-25
	52 	 -9.08748e-21 	 4.20944e-25
	53 	 -9.08743e-21 	 4.1568e-25
	54 	 -9.08742e-21 	 4.08157e-25
	55 	 -9.08753e-21 	 4.15276e-25
	56 	 -9.08756e-21 	 4.09323e-25
	57 	 -9.08755e-21 	 4.02353e-25
	58 	 -9.08757e-21 	 3.95956e-25
	59 	 -9.08761e-21 	 3.91069e-25
	60 	 -9.08763e-21 	 3.85229e-25
	61 	 -9.08767e-21 	 3.80755e-25
	62 	 -9.08762e-21 	 3.77413e-25
	63 	 -9.08754e-21 	 3.81105e-25
	64 	 -9.08749e-21 	 3.77614e-25
	65 	 -9.08755e-21 	 3.75858e-25
	66 	 -9.08748e-21 	 3.7761e-25
	67 	 -9.08739e-21 	 3.80918e-25
	68 	 -9.08745e-21 	 3.80246e-25
	69 	 -9.08749e-21 	 3.76026e-25
	70 	 -9.08744e-21 	 3.7336e-25
	71 	 -9.08746e-21 	 3.68471e-25
	72 	 -9.08747e-21 	 3.63383e-25
	73 	 -9.08748e-21 	 3.58706e-25
	74 	 -9.08748e-21 	 3.53833e-25
	75 	 -9.08742e-21 	 3.54271e-25
	76 	 -9.08735e-21 	 3.56669e-25
	77 	 -9.08728e-21 	 3.58839e-25
	78 	 -9.08725e-21 	 3.55471e-25
	79 	 -9.08732e-21 	 3.57977e-25
	80 	 -9.08736e-21 	 3.5582e-25
	81 	 -9.08732e-21 	 3.53945e-25
	82 	 -9.08725e-21 	 3.56669e-25
	83 	 -9.08721e-21 	 3.54393e-25
	84 	 -9.08716e-21 	 3.5292e-25
	85 	 -9.08714e-21 	 3.4967e-25
	86 	 -9.08713e-21 	 3.45802e-25
	87 	 -9.08711e-21 	 3.42018e-25
	88 	 -9.08714e-21 	 3.38926e-25
	89 	 -9.08714e-21 	 3.35096e-25
	90 	 -9.08715e-21 	 3.3149e-25
	91 	 -9.08719e-21 	 3.30403e-25
	92 	 -9.08719e-21 	 3.26826e-25
	93 	 -9.08716e-21 	 3.24973e-25
	94 	 -9.08714e-21 	 3.2197e-25
	95 	 -9.08716e-21 	 3.19064e-25
	96 	 -9.08716e-21 	 3.15725e-25
	97 	 -9.08717e-21 	 3.1268e-25
	98 	 -9.0872e-21 	 3.10896e-25
	99 	 -9.08723e-21 	 3.09442e-25
	100 	 -9.08725e-21 	 3.0673e-25
	1 	 -8.87646e-21 	 0
	2 	 -8.88614e-21 	 9.67953e-24
	3 	 -8.88911e-21 	 6.32879e-24
	4 	 -8.88561e-21 	 5.68395e-24
	5 	 -8.88421e-21 	 4.61883e-24
	6 	 -8.88304e-21 	 3.94915e-24
	7 	 -8.88119e-21 	 3.81557e-24
	8 	 -8.88015e-21 	 3.4637e-24
	9 	 -8.87872e-21 	 3.37168e-24
	10 	 -8.87796e-21 	 3.11158e-24
	11 	 -8.87762e-21 	 2.83436e-24
	12 	 -8.87728e-21 	 2.60969e-24
	13 	 -8.87661e-21 	 2.49298e-24
	14 	 -8.87644e-21 	 2.31403e-24
	15 	 -8.87619e-21 	 2.16879e-24
	16 	 -8.87581e-21 	 2.0647e-24
	17 	 -8.87515e-21 	 2.04771e-24
	18 	 -8.87437e-21 	 2.08371e-24
	19 	 -8.87366e-21 	 2.09483e-24
	20 	 -8.87349e-21 	 1.99447e-24
	21 	 -8.87334e-21 	 1.90282e-24
	22 	 -8.87329e-21 	 1.81498e-24
	23 	 -8.87311e-21 	 1.74374e-24
	24 	 -8.87299e-21 	 1.67407e-24
	25 	 -8.87293e-21 	 1.60667e-24
	26 	 -8.87281e-21 	 1.54856e-24
	27 	 -8.87277e-21 	 1.49071e-24
	28 	 -8.87276e-21 	 1.43648e-24
	29 	 -8.87266e-21 	 1.39032e-24
	30 	 -8.8726e-21 	 1.34445e-24
	31 	 -8.87246e-21 	 1.30801e-24
	32 	 -8.87239e-21 	 1.26825e-24
	33 	 -8.87224e-21 	 1.23807e-24
	34 	 -8.87217e-21 	 1.20313e-24
	35 	 -8.87221e-21 	 1.16879e-24
	36 	 -8.87231e-21 	 1.14018e-24
	37 	 -8.87235e-21 	 1.10983e-24
	38 	 -8.87232e-21 	 1.08069e-24
	39 	 -8.87241e-21 	 1.05678e-24
	40 	 -8.87236e-21 	 1.03166e-24
	41 	 -8.87224e-21 	 1.01224e-24
	42 	 -8.87228e-21 	 9.88313e-25
	43 	 -8.87228e-21 	 9.65057e-25
	44 	 -8.87215e-21 	 9.51153e-25
	45 	 -8.87212e-21 	 9.30197e-25
	46 	 -8.87205e-21 	 9.12891e-25
	47 	 -8.87202e-21 	 8.93697e-25
	48 	 -8.87204e-21 	 8.75063e-25
	49 	 -8.87196e-21 	 8.60401e-25
	50 	 -8.872e-21 	 8.44113e-25
	51 	 -8.87202e-21 	 8.27534e-25
	52 	 -8.87199e-21 	 8.12014e-25
	53 	 -8.87194e-21 	 7.98185e-25
	54 	 -8.87187e-21 	 7.8589e-25
	55 	 -8.87181e-21 	 7.74279e-25
	56 	 -8.87175e-21 	 7.62757e-25
	57 	 -8.87168e-21 	 7.52419e-25
	58 	 -8.87157e-21 	 7.46821e-25
	59 	 -8.87159e-21 	 7.34238e-25
	60 	 -8.87157e-21 	 7.22147e-25
	61 	 -8.87158e-21 	 7.10255e-25
	62 	 -8.8716e-21 	 6.99036e-25
	63 	 -8.87167e-21 	 6.9108e-25
	64 	 -8.87167e-21 	 6.80196e-25
	65 	 -8.87163e-21 	 6.70504e-25
	66 	 -8.87155e-21 	 6.66227e-25
	67 	 -8.87157e-21 	 6.56598e-25
	68 	 -8.87166e-21 	 6.53724e-25
	69 	 -8.87169e-21 	 6.44788e-25
	70 	 -8.87171e-21 	 6.35941e-25
	71 	 -8.8716e-21 	 6.36566e-25
	72 	 -8.87158e-21 	 6.2798e-25
	73 	 -8.87152e-21 	 6.2235e-25
	74 	 -8.87145e-21 	 6.1817e-25
	75 	 -8.87145e-21 	 6.09887e-25
	76 	 -8.87145e-21 	 6.01809e-25
	77 	 -8.87139e-21 	 5.96886e-25
	78 	 -8.87135e-21 	 5.90104e-25
	79 	 -8.87129e-21 	 5.8568e-25
	80 	 -8.87128e-21 	 5.78582e-25
	81 	 -8.87123e-21 	 5.73019e-25
	82 	 -8.87126e-21 	 5.66815e-25
	83 	 -8.8713e-21 	 5.61119e-25
	84 	 -8.87132e-21 	 5.5489e-25
	85 	 -8.87127e-21 	 5.51306e-25
	86 	 -8.87116e-21 	 5.55526e-25
	87 	 -8.87115e-21 	 5.49223e-25
	88 	 -8.87121e-21 	 5.4619e-25
	89 	 -8.87122e-21 	 5.40289e-25
	90 	 -8.87124e-21 	 5.34476e-25
	91 	 -8.87116e-21 	 5.33795e-25
	92 	 -8.87117e-21 	 5.28035e-25
	93 	 -8.87116e-21 	 5.22471e-25
	94 	 -8.87118e-21 	 5.17472e-25
	95 	 -8.87114e-21 	 5.13534e-25
	96 	 -8.87115e-21 	 5.08162e-25
	97 	 -8.87114e-21 	 5.02903e-25
	98 	 -8.87108e-21 	 5.02496e-25
	99 	 -8.87112e-21 	 4.99443e-25
	100 	 -8.87118e-21 	 4.97528e-25
	1 	 -9.05297e-21 	 0
	2 	 -9.05313e-21 	 1.58239e-25
	3 	 -9.05277e-21 	 3.71495e-25
	4 	 -9.05209e-21 	 7.23229e-25
	5 	 -9.05225e-21 	 5.80681e-25
	6 	 -9.05247e-21 	 5.25898e-25
	7 	 -9.05235e-21 	 4.62716e-25
	8 	 -9.05192e-21 	 5.83476e-25
	9 	 -9.05186e-21 	 5.18376e-25
	10 	 -9.0518e-21 	 4.6757e-25
	11 	 -9.05172e-21 	 4.30264e-25
	12 	 -9.05221e-21 	 6.26472e-25
	13 	 -9.05223e-21 	 5.76861e-25
	14 	 -9.05229e-21 	 5.37054e-25
	15 	 -9.05235e-21 	 5.03989e-25
	16 	 -9.05238e-21 	 4.71981e-25
	17 	 -9.0524e-21 	 4.43778e-25
	18 	 -9.05258e-21 	 4.57409e-25
	19 	 -9.05282e-21 	 4.95629e-25
	20 	 -9.05266e-21 	 4.9853e-25
	21 	 -9.05268e-21 	 4.74641e-25
	22 	 -9.05283e-21 	 4.76936e-25
	23 	 -9.05294e-21 	 4.69207e-25
	24 	 -9.05314e-21 	 4.92748e-25
	25 	 -9.05343e-21 	 5.51932e-25
	26 	 -9.05345e-21 	 5.30634e-25
	27 	 -9.05346e-21 	 5.10757e-25
	28 	 -9.0535e-21 	 4.93666e-25
	29 	 -9.05344e-21 	 4.80116e-25
	30 	 -9.05353e-21 	 4.72253e-25
	31 	 -9.05359e-21 	 4.60729e-25
	32 	 -9.05334e-21 	 5.09026e-25
	33 	 -9.05339e-21 	 4.95317e-25
	34 	 -9.05351e-21 	 4.9619e-25
	35 	 -9.05355e-21 	 4.83839e-25
	36 	 -9.05357e-21 	 4.70672e-25
	37 	 -9.05354e-21 	 4.58894e-25
	38 	 -9.05348e-21 	 4.51086e-25
	39 	 -9.05334e-21 	 4.61426e-25
	40 	 -9.05326e-21 	 4.56834e-25
	41 	 -9.0533e-21 	 4.47236e-25
	42 	 -9.05336e-21 	 4.40378e-25
	43 	 -9.05334e-21 	 4.30497e-25
	44 	 -9.05333e-21 	 4.2071e-25
	45 	 -9.05336e-21 	 4.12449e-25
	46 	 -9.05354e-21 	 4.41495e-25
	47 	 -9.05353e-21 	 4.32138e-25
	48 	 -9.05363e-21 	 4.34751e-25
	49 	 -9.0537e-21 	 4.31461e-25
	50 	 -9.05361e-21 	 4.31061e-25
	51 	 -9.05372e-21 	 4.35427e-25
	52 	 -9.05376e-21 	 4.29377e-25
	53 	 -9.05377e-21 	 4.2126e-25
	54 	 -9.05377e-21 	 4.13385e-25
	55 	 -9.0538e-21 	 4.06858e-25
	56 	 -9.05376e-21 	 4.00974e-25
	57 	 -9.05377e-21 	 3.93995e-25
	58 	 -9.05388e-21 	 4.02525e-25
	59 	 -9.05397e-21 	 4.05551e-25
	60 	 -9.05397e-21 	 3.98807e-25
	61 	 -9.05406e-21 	 4.02444e-25
	62 	 -9.05405e-21 	 3.95962e-25
	63 	 -9.05408e-21 	 3.90587e-25
	64 	 -9.05413e-21 	 3.88085e-25
	65 	 -9.0542e-21 	 3.88377e-25
	66 	 -9.05419e-21 	 3.82552e-25
	67 	 -9.05426e-21 	 3.8337e-25
	68 	 -9.05431e-21 	 3.81154e-25
	69 	 -9.05431e-21 	 3.7564e-25
	70 	 -9.05427e-21 	 3.72124e-25
	71 	 -9.05418e-21 	 3.77027e-25
	72 	 -9.05418e-21 	 3.71754e-25
	73 	 -9.05422e-21 	 3.684e-25
	74 	 -9.05428e-21 	 3.67911e-25
	75 	 -9.05424e-21 	 3.6501e-25
	76 	 -9.05425e-21 	 3.60327e-25
	77 	 -9.05426e-21 	 3.55936e-25
	78 	 -9.05426e-21 	 3.51348e-25
	79 	 -9.05421e-21 	 3.50088e-25
	80 	 -9.05415e-21 	 3.50652e-25
	81 	 -9.05409e-21 	 3.51462e-25
	82 	 -9.05408e-21 	 3.47719e-25
	83 	 -9.05404e-21 	 3.45154e-25
	84 	 -9.05397e-21 	 3.48517e-25
	85 	 -9.05398e-21 	 3.44713e-25
	86 	 -9.05397e-21 	 3.4109e-25
	87 	 -9.05394e-21 	 3.38692e-25
	88 	 -9.0539e-21 	 3.36257e-25
	89 	 -9.05388e-21 	 3.33534e-25
	90 	 -9.05381e-21 	 3.357e-25
	91 	 -9.05384e-21 	 3.32961e-25
	92 	 -9.05387e-21 	 3.30632e-25
	93 	 -9.05391e-21 	 3.299e-25
	94 	 -9.05388e-21 	 3.28344e-25
	95 	 -9.05389e-21 	 3.25167e-25
	96 	 -9.05391e-21 	 3.22514e-25
	97 	 -9.05391e-21 	 3.1925e-25
	98 	 -9.05387e-21 	 3.18148e-25
	99 	 -9.05387e-21 	 3.14925e-25
	100 	 -9.05386e-21 	 3.11818e-25
	1 	 -9.1313e-21 	 0
	2 	 -9.13215e-21 	 8.54692e-25
	3 	 -9.13398e-21 	 1.88886e-24
	4 	 -9.13466e-21 	 1.5012e-24
	5 	 -9.13451e-21 	 1.17221e-24
	6 	 -9.13484e-21 	 1.00961e-24
	7 	 -9.13482e-21 	 8.53416e-25
	8 	 -9.1344e-21 	 8.50809e-25
	9 	 -9.13407e-21 	 8.20684e-25
	10 	 -9.13408e-21 	 7.34238e-25
	11 	 -9.13442e-21 	 7.44666e-25
	12 	 -9.13446e-21 	 6.81177e-25
	13 	 -9.13458e-21 	 6.37228e-25
	14 	 -9.13464e-21 	 5.93426e-25
	15 	 -9.13485e-21 	 5.88556e-25
	16 	 -9.13529e-21 	 7.08542e-25
	17 	 -9.13534e-21 	 6.67417e-25
	18 	 -9.13549e-21 	 6.47093e-25
	19 	 -9.1355e-21 	 6.12184e-25
	20 	 -9.13541e-21 	 5.87998e-25
	21 	 -9.13569e-21 	 6.24025e-25
	22 	 -9.1356e-21 	 6.01717e-25
	23 	 -9.13563e-21 	 5.75762e-25
	24 	 -9.13573e-21 	 5.61322e-25
	25 	 -9.13575e-21 	 5.3853e-25
	26 	 -9.1357e-21 	 5.19139e-25
	27 	 -9.1356e-21 	 5.10009e-25
	28 	 -9.13559e-21 	 4.9169e-25
	29 	 -9.13563e-21 	 4.766e-25
	30 	 -9.13558e-21 	 4.63853e-25
	31 	 -9.13562e-21 	 4.50673e-25
	32 	 -9.13584e-21 	 4.88243e-25
	33 	 -9.13582e-21 	 4.73708e-25
	34 	 -9.13563e-21 	 4.95199e-25
	35 	 -9.1355e-21 	 4.99631e-25
	36 	 -9.13534e-21 	 5.08378e-25
	37 	 -9.13554e-21 	 5.31656e-25
	38 	 -9.13561e-21 	 5.21705e-25
	39 	 -9.13565e-21 	 5.10026e-25
	40 	 -9.13575e-21 	 5.07426e-25
	41 	 -9.13581e-21 	 4.98879e-25
	42 	 -9.13574e-21 	 4.92696e-25
	43 	 -9.13568e-21 	 4.84759e-25
	44 	 -9.13569e-21 	 4.7385e-25
	45 	 -9.13564e-21 	 4.66293e-25
	46 	 -9.13565e-21 	 4.56097e-25
	47 	 -9.13563e-21 	 4.46711e-25
	48 	 -9.13568e-21 	 4.39855e-25
	49 	 -9.13561e-21 	 4.36561e-25
	50 	 -9.13559e-21 	 4.28139e-25
	51 	 -9.13547e-21 	 4.34428e-25
	52 	 -9.1355e-21 	 4.26672e-25
	53 	 -9.1355e-21 	 4.18546e-25
	54 	 -9.13548e-21 	 4.11205e-25
	55 	 -9.13538e-21 	 4.14477e-25
	56 	 -9.13531e-21 	 4.13107e-25
	57 	 -9.1353e-21 	 4.05939e-25
	58 	 -9.13529e-21 	 3.99069e-25
	59 	 -9.13522e-21 	 3.98958e-25
	60 	 -9.1352e-21 	 3.92658e-25
	61 	 -9.13517e-21 	 3.8736e-25
	62 	 -9.13518e-21 	 3.81198e-25
	63 	 -9.13523e-21 	 3.79142e-25
	64 	 -9.13524e-21 	 3.73241e-25
	65 	 -9.13524e-21 	 3.67455e-25
	66 	 -9.13522e-21 	 3.62743e-25
	67 	 -9.13512e-21 	 3.7056e-25
	68 	 -9.13515e-21 	 3.66061e-25
	69 	 -9.13513e-21 	 3.60946e-25
	70 	 -9.13515e-21 	 3.56183e-25
	71 	 -9.13519e-21 	 3.53114e-25
	72 	 -9.13518e-21 	 3.48242e-25
	73 	 -9.13518e-21 	 3.43459e-25
	74 	 -9.1352e-21 	 3.39238e-25
	75 	 -9.13521e-21 	 3.34808e-25
	76 	 -9.13519e-21 	 3.31265e-25
	77 	 -9.13517e-21 	 3.27599e-25
	78 	 -9.13511e-21 	 3.2856e-25
	79 	 -9.13506e-21 	 3.27777e-25
	80 	 -9.13503e-21 	 3.25353e-25
	81 	 -9.13502e-21 	 3.21446e-25
	82 	 -9.13504e-21 	 3.18034e-25
	83 	 -9.135e-21 	 3.16057e-25
	84 	 -9.13503e-21 	 3.13185e-25
	85 	 -9.13512e-21 	 3.22214e-25
	86 	 -9.13522e-21 	 3.35089e-25
	87 	 -9.1352e-21 	 3.32037e-25
	88 	 -9.13519e-21 	 3.28254e-25
	89 	 -9.13519e-21 	 3.24547e-25
	90 	 -9.13519e-21 	 3.20927e-25
	91 	 -9.13515e-21 	 3.1936e-25
	92 	 -9.13508e-21 	 3.24917e-25
	93 	 -9.13509e-21 	 3.21629e-25
	94 	 -9.13509e-21 	 3.18212e-25
	95 	 -9.13509e-21 	 3.1495e-25
	96 	 -9.13506e-21 	 3.13018e-25
	97 	 -9.13503e-21 	 3.10758e-25
	98 	 -9.13502e-21 	 3.07986e-25
	99 	 -9.13502e-21 	 3.04867e-25
	100 	 -9.13501e-21 	 3.02077e-25
	1 	 -9.13086e-21 	 0
	2 	 -9.12702e-21 	 3.83836e-24
	3 	 -9.12611e-21 	 2.39463e-24
	4 	 -9.12562e-21 	 1.76454e-24
	5 	 -9.12617e-21 	 1.47276e-24
	6 	 -9.12541e-21 	 1.41826e-24
	7 	 -9.12505e-21 	 1.25409e-24
	8 	 -9.12492e-21 	 1.09376e-24
	9 	 -9.12519e-21 	 1.00165e-24
	10 	 -9.12503e-21 	 9.10033e-25
	11 	 -9.12508e-21 	 8.24671e-25
	12 	 -9.12508e-21 	 7.52818e-25
	13 	 -9.12462e-21 	 8.29799e-25
	14 	 -9.12472e-21 	 7.75048e-25
	15 	 -9.12488e-21 	 7.37655e-25
	16 	 -9.1251e-21 	 7.26826e-25
	17 	 -9.1249e-21 	 7.12096e-25
	18 	 -9.1249e-21 	 6.7137e-25
	19 	 -9.12479e-21 	 6.45562e-25
	20 	 -9.12477e-21 	 6.12583e-25
	21 	 -9.12474e-21 	 5.83743e-25
	22 	 -9.12453e-21 	 5.94135e-25
	23 	 -9.12465e-21 	 5.79463e-25
	24 	 -9.12473e-21 	 5.60779e-25
	25 	 -9.12492e-21 	 5.71553e-25
	26 	 -9.12512e-21 	 5.85666e-25
	27 	 -9.1253e-21 	 5.90987e-25
	28 	 -9.12534e-21 	 5.71102e-25
	29 	 -9.12527e-21 	 5.56371e-25
	30 	 -9.12515e-21 	 5.50261e-25
	31 	 -9.12507e-21 	 5.38869e-25
	32 	 -9.12501e-21 	 5.24714e-25
	33 	 -9.12483e-21 	 5.38663e-25
	34 	 -9.12476e-21 	 5.27118e-25
	35 	 -9.12482e-21 	 5.14723e-25
	36 	 -9.12496e-21 	 5.1967e-25
	37 	 -9.12494e-21 	 5.05835e-25
	38 	 -9.1248e-21 	 5.12851e-25
	39 	 -9.12497e-21 	 5.29645e-25
	40 	 -9.12489e-21 	 5.2297e-25
	41 	 -9.12482e-21 	 5.14702e-25
	42 	 -9.1248e-21 	 5.02642e-25
	43 	 -9.12478e-21 	 4.9145e-25
	44 	 -9.12503e-21 	 5.41433e-25
	45 	 -9.12496e-21 	 5.33407e-25
	46 	 -9.12493e-21 	 5.22525e-25
	47 	 -9.12499e-21 	 5.14723e-25
	48 	 -9.125e-21 	 5.04007e-25
	49 	 -9.1251e-21 	 5.04635e-25
	50 	 -9.12506e-21 	 4.96059e-25
	51 	 -9.12501e-21 	 4.89124e-25
	52 	 -9.1251e-21 	 4.88432e-25
	53 	 -9.12514e-21 	 4.80581e-25
	54 	 -9.12512e-21 	 4.72003e-25
	55 	 -9.12506e-21 	 4.66952e-25
	56 	 -9.12509e-21 	 4.59373e-25
	57 	 -9.12506e-21 	 4.52489e-25
	58 	 -9.12496e-21 	 4.55076e-25
	59 	 -9.12501e-21 	 4.50071e-25
	60 	 -9.12507e-21 	 4.4641e-25
	61 	 -9.12511e-21 	 4.40867e-25
	62 	 -9.1251e-21 	 4.33893e-25
	63 	 -9.12506e-21 	 4.28565e-25
	64 	 -9.12511e-21 	 4.24621e-25
	65 	 -9.12512e-21 	 4.18141e-25
	66 	 -9.12514e-21 	 4.12299e-25
	67 	 -9.1251e-21 	 4.08246e-25
	68 	 -9.12512e-21 	 4.02874e-25
	69 	 -9.12513e-21 	 3.97147e-25
	70 	 -9.12511e-21 	 3.92066e-25
	71 	 -9.12505e-21 	 3.90392e-25
	72 	 -9.12507e-21 	 3.85205e-25
	73 	 -9.12501e-21 	 3.84741e-25
	74 	 -9.125e-21 	 3.79537e-25
	75 	 -9.12499e-21 	 3.7461e-25
	76 	 -9.12497e-21 	 3.70489e-25
	77 	 -9.12502e-21 	 3.69179e-25
	78 	 -9.12501e-21 	 3.64508e-25
	79 	 -9.12499e-21 	 3.60392e-25
	80 	 -9.12498e-21 	 3.55912e-25
	81 	 -9.12505e-21 	 3.57663e-25
	82 	 -9.1251e-21 	 3.573e-25
	83 	 -9.12511e-21 	 3.53098e-25
	84 	 -9.12508e-21 	 3.50536e-25
	85 	 -9.12505e-21 	 3.47253e-25
	86 	 -9.1251e-21 	 3.45714e-25
	87 	 -9.12511e-21 	 3.41987e-25
	88 	 -9.12515e-21 	 3.39982e-25
	89 	 -9.12511e-21 	 3.38202e-25
	90 	 -9.12512e-21 	 3.34542e-25
	91 	 -9.12518e-21 	 3.36343e-25
	92 	 -9.12511e-21 	 3.38604e-25
	93 	 -9.12506e-21 	 3.40191e-25
	94 	 -9.12506e-21 	 3.36599e-25
	95 	 -9.12504e-21 	 3.34017e-25
	96 	 -9.12504e-21 	 3.30521e-25
	97 	 -9.12504e-21 	 3.2722e-25
	98 	 -9.12507e-21 	 3.24547e-25
	99 	 -9.12506e-21 	 3.21342e-25
	100 	 -9.12506e-21 	 3.18129e-25
	1 	 -9.04246e-21 	 0
	2 	 -9.04232e-21 	 1.3266e-25
	3 	 -9.04265e-21 	 3.38973e-25
	4 	 -9.04218e-21 	 5.34025e-25
	5 	 -9.04173e-21 	 6.11374e-25
	6 	 -9.04162e-21 	 5.09712e-25
	7 	 -9.04154e-21 	 4.38768e-25
	8 	 -9.04136e-21 	 4.18535e-25
	9 	 -9.04126e-21 	 3.8419e-25
	10 	 -9.04103e-21 	 4.12856e-25
	11 	 -9.04079e-21 	 4.42029e-25
	12 	 -9.04069e-21 	 4.1546e-25
	13 	 -9.04081e-21 	 4.00375e-25
	14 	 -9.04077e-21 	 3.72905e-25
	15 	 -9.04083e-21 	 3.52215e-25
	16 	 -9.04098e-21 	 3.62725e-25
	17 	 -9.04093e-21 	 3.44922e-25
	18 	 -9.04093e-21 	 3.25208e-25
	19 	 -9.04086e-21 	 3.16697e-25
	20 	 -9.04092e-21 	 3.0681e-25
	21 	 -9.04103e-21 	 3.11148e-25
	22 	 -9.0411e-21 	 3.04579e-25
	23 	 -9.04106e-21 	 2.92733e-25
	24 	 -9.04111e-21 	 2.83355e-25
	25 	 -9.04111e-21 	 2.71868e-25
	26 	 -9.0411e-21 	 2.61427e-25
	27 	 -9.04105e-21 	 2.55975e-25
	28 	 -9.04107e-21 	 2.47075e-25
	29 	 -9.0411e-21 	 2.40471e-25
	30 	 -9.04111e-21 	 2.32491e-25
	31 	 -9.04108e-21 	 2.27005e-25
	32 	 -9.04102e-21 	 2.2736e-25
	33 	 -9.04101e-21 	 2.20476e-25
	34 	 -9.04102e-21 	 2.13971e-25
	35 	 -9.04103e-21 	 2.08021e-25
	36 	 -9.04107e-21 	 2.0552e-25
	37 	 -9.04108e-21 	 2.00385e-25
	38 	 -9.04116e-21 	 2.12219e-25
	39 	 -9.04115e-21 	 2.07227e-25
	40 	 -9.04118e-21 	 2.04196e-25
	41 	 -9.04121e-21 	 2.01846e-25
	42 	 -9.04125e-21 	 2.00994e-25
	43 	 -9.04124e-21 	 1.96737e-25
	44 	 -9.04121e-21 	 1.93747e-25
	45 	 -9.04122e-21 	 1.89424e-25
	46 	 -9.04123e-21 	 1.85485e-25
	47 	 -9.04125e-21 	 1.82865e-25
	48 	 -9.04126e-21 	 1.79493e-25
	49 	 -9.04123e-21 	 1.78464e-25
	50 	 -9.04124e-21 	 1.75215e-25
	51 	 -9.04123e-21 	 1.71972e-25
	52 	 -9.04126e-21 	 1.71465e-25
	53 	 -9.04124e-21 	 1.6973e-25
	54 	 -9.04125e-21 	 1.66896e-25
	55 	 -9.04121e-21 	 1.68445e-25
	56 	 -9.0412e-21 	 1.66345e-25
	57 	 -9.04121e-21 	 1.63917e-25
	58 	 -9.04117e-21 	 1.65283e-25
	59 	 -9.04117e-21 	 1.6246e-25
	60 	 -9.04115e-21 	 1.61334e-25
	61 	 -9.04114e-21 	 1.5892e-25
	62 	 -9.04114e-21 	 1.56376e-25
	63 	 -9.04113e-21 	 1.54151e-25
	64 	 -9.04112e-21 	 1.51785e-25
	65 	 -9.04109e-21 	 1.52419e-25
	66 	 -9.04111e-21 	 1.50966e-25
	67 	 -9.04111e-21 	 1.48719e-25
	68 	 -9.0411e-21 	 1.46628e-25
	69 	 -9.04111e-21 	 1.44946e-25
	70 	 -9.04112e-21 	 1.42936e-25
	71 	 -9.04108e-21 	 1.45624e-25
	72 	 -9.0411e-21 	 1.45896e-25
	73 	 -9.04109e-21 	 1.44797e-25
	74 	 -9.04109e-21 	 1.42887e-25
	75 	 -9.04111e-21 	 1.42192e-25
	76 	 -9.04115e-21 	 1.46846e-25
	77 	 -9.04117e-21 	 1.45883e-25
	78 	 -9.04118e-21 	 1.445e-25
	79 	 -9.0412e-21 	 1.43333e-25
	80 	 -9.04119e-21 	 1.41992e-25
	81 	 -9.04119e-21 	 1.40229e-25
	82 	 -9.04122e-21 	 1.4294e-25
	83 	 -9.04123e-21 	 1.41265e-25
	84 	 -9.04123e-21 	 1.39686e-25
	85 	 -9.04123e-21 	 1.38037e-25
	86 	 -9.04121e-21 	 1.37244e-25
	87 	 -9.04122e-21 	 1.35892e-25
	88 	 -9.0412e-21 	 1.3592e-25
	89 	 -9.0412e-21 	 1.34385e-25
	90 	 -9.04118e-21 	 1.35333e-25
	91 	 -9.04118e-21 	 1.33847e-25
	92 	 -9.04118e-21 	 1.3248e-25
	93 	 -9.0412e-21 	 1.31943e-25
	94 	 -9.04123e-21 	 1.34661e-25
	95 	 -9.04124e-21 	 1.33514e-25
	96 	 -9.04125e-21 	 1.32476e-25
	97 	 -9.04127e-21 	 1.33375e-25
	98 	 -9.04128e-21 	 1.32206e-25
	99 	 -9.04128e-21 	 1.30882e-25
	100 	 -9.0413e-21 	 1.30941e-25
