	1 	 -5.29323883e-23 	 0
	2 	 -5.35024845e-23 	 5.70096244e-25
	3 	 -5.45534105e-23 	 1.10126378e-24
	4 	 -5.60916674e-23 	 1.72413032e-24
	5 	 -5.81784303e-23 	 2.4775299e-24
	6 	 -6.09899926e-23 	 3.46366651e-24
	7 	 -6.48430611e-23 	 4.83894743e-24
	8 	 -7.02994774e-23 	 6.87997369e-24
	9 	 -7.80366103e-23 	 9.83252704e-24
	10 	 -8.54340576e-23 	 1.14919579e-23
	11 	 -9.69335769e-23 	 1.55013614e-23
	12 	 -1.07650406e-22 	 1.77508855e-23
	13 	 -1.209331e-22 	 2.10487029e-23
	14 	 -1.37233826e-22 	 2.54060821e-23
	15 	 -1.50952802e-22 	 2.73425818e-23
	16 	 -1.67446686e-22 	 3.04337461e-23
	17 	 -1.87564094e-22 	 3.49564984e-23
	18 	 -2.00718495e-22 	 3.54855189e-23
	19 	 -2.12967232e-22 	 3.5730994e-23
	20 	 -2.28963478e-22 	 3.74821747e-23
	21 	 -2.4355243e-22 	 3.85220673e-23
	22 	 -2.55946198e-22 	 3.87640378e-23
	23 	 -2.68440783e-22 	 3.90909198e-23
	24 	 -2.78544205e-22 	 3.8766448e-23
	25 	 -2.866372e-22 	 3.80540017e-23
	26 	 -2.93010036e-22 	 3.71123597e-23
	27 	 -3.02192123e-22 	 3.68729404e-23
	28 	 -3.12253851e-22 	 3.69288076e-23
	29 	 -3.17780254e-22 	 3.60586626e-23
	30 	 -3.22601165e-22 	 3.51679757e-23
	31 	 -3.27991832e-22 	 3.44391221e-23
	32 	 -3.34810773e-22 	 3.40356101e-23
	33 	 -3.40009765e-22 	 3.33952818e-23
	34 	 -3.43200193e-22 	 3.25548926e-23
	35 	 -3.48406219e-22 	 3.20368934e-23
	36 	 -3.53131688e-22 	 3.14908312e-23
	37 	 -3.56291689e-22 	 3.07904879e-23
	38 	 -3.59940019e-22 	 3.01905097e-23
	39 	 -3.63829713e-22 	 2.96623448e-23
	40 	 -3.67862864e-22 	 2.91912363e-23
	41 	 -3.71363166e-22 	 2.86847199e-23
	42 	 -3.76596998e-22 	 2.84784931e-23
	43 	 -3.81551547e-22 	 2.82462395e-23
	44 	 -3.85623295e-22 	 2.7895578e-23
	45 	 -3.88800803e-22 	 2.74531382e-23
	46 	 -3.91731734e-22 	 2.70091963e-23
	47 	 -3.949813e-22 	 2.66273158e-23
	48 	 -3.97760171e-22 	 2.6214382e-23
	49 	 -4.01452667e-22 	 2.59379957e-23
	50 	 -4.04659096e-22 	 2.56154178e-23
	51 	 -4.07948264e-22 	 2.53226558e-23
	52 	 -4.10375906e-22 	 2.49492963e-23
	53 	 -4.12479787e-22 	 2.45642905e-23
	54 	 -4.15441648e-22 	 2.42863887e-23
	55 	 -4.18543942e-22 	 2.40417259e-23
	56 	 -4.21063209e-22 	 2.37425414e-23
	57 	 -4.24466094e-22 	 2.35692312e-23
	58 	 -4.2755013e-22 	 2.33637426e-23
	59 	 -4.31374443e-22 	 2.32805919e-23
	60 	 -4.35374121e-22 	 2.3236118e-23
	61 	 -4.39399188e-22 	 2.3203796e-23
	62 	 -4.43642911e-22 	 2.32176024e-23
	63 	 -4.47304567e-22 	 2.31376719e-23
	64 	 -4.50605066e-22 	 2.30112019e-23
	65 	 -4.55537463e-22 	 2.31851499e-23
	66 	 -4.60028852e-22 	 2.32687413e-23
	67 	 -4.62406652e-22 	 2.30418323e-23
	68 	 -4.6572964e-22 	 2.29423803e-23
	69 	 -4.68510892e-22 	 2.27778746e-23
	70 	 -4.71197886e-22 	 2.26103461e-23
	71 	 -4.74148522e-22 	 2.2484066e-23
	72 	 -4.76582469e-22 	 2.23027965e-23
	73 	 -4.79105701e-22 	 2.21394135e-23
	74 	 -4.8126371e-22 	 2.19445491e-23
	75 	 -4.82660049e-22 	 2.16949605e-23
	76 	 -4.84211307e-22 	 2.14637282e-23
	77 	 -4.86066644e-22 	 2.12642396e-23
	78 	 -4.86759137e-22 	 2.1001271e-23
	79 	 -4.87162082e-22 	 2.07376431e-23
	80 	 -4.88152848e-22 	 2.05007368e-23
	81 	 -4.8948974e-22 	 2.02901504e-23
	82 	 -4.9102562e-22 	 2.00999479e-23
	83 	 -4.9226217e-22 	 1.98947689e-23
	84 	 -4.92906397e-22 	 1.96670538e-23
	85 	 -4.93552802e-22 	 1.94450465e-23
	86 	 -4.95149727e-22 	 1.92838469e-23
	87 	 -4.96818368e-22 	 1.91338039e-23
	88 	 -4.9830577e-22 	 1.89735159e-23
	89 	 -4.99028657e-22 	 1.87730422e-23
	90 	 -4.99863448e-22 	 1.85820418e-23
	91 	 -5.00806399e-22 	 1.84008856e-23
	92 	 -5.01702606e-22 	 1.82218295e-23
	93 	 -5.02350244e-22 	 1.80364621e-23
	94 	 -5.03148706e-22 	 1.7861409e-23
	95 	 -5.03904119e-22 	 1.7688532e-23
	96 	 -5.0405142e-22 	 1.75039264e-23
	97 	 -5.04818784e-22 	 1.73395219e-23
	98 	 -5.05741333e-22 	 1.71864545e-23
	99 	 -5.06387749e-22 	 1.7024245e-23
	100 	 -5.07055673e-22 	 1.68663731e-23
	1 	 -5.90489567e-22 	 0
	2 	 -6.04749861e-22 	 1.42602943e-23
	3 	 -6.17384518e-22 	 1.50804474e-23
	4 	 -6.17517071e-22 	 1.06643104e-23
	5 	 -6.26778893e-22 	 1.24103931e-23
	6 	 -6.22100765e-22 	 1.11607998e-23
	7 	 -6.12764285e-22 	 1.32719163e-23
	8 	 -6.09008289e-22 	 1.2091953e-23
	9 	 -6.07650542e-22 	 1.07501865e-23
	10 	 -6.05509442e-22 	 9.85076215e-24
	11 	 -6.00297021e-22 	 1.03229679e-23
	12 	 -5.98901069e-22 	 9.52637062e-24
	13 	 -5.98698589e-22 	 8.76532542e-24
	14 	 -5.95837969e-22 	 8.60454716e-24
	15 	 -5.86027537e-22 	 1.26653482e-23
	16 	 -5.81726602e-22 	 1.26038765e-23
	17 	 -5.82650444e-22 	 1.18752703e-23
	18 	 -5.82786827e-22 	 1.11969428e-23
	19 	 -5.77398612e-22 	 1.18830714e-23
	20 	 -5.73458427e-22 	 1.19420141e-23
	21 	 -5.72347912e-22 	 1.14132763e-23
	22 	 -5.7157274e-22 	 1.09097062e-23
	23 	 -5.70678633e-22 	 1.04628583e-23
	24 	 -5.68677779e-22 	 1.02152926e-23
	25 	 -5.66921455e-22 	 9.95433079e-24
	26 	 -5.66598169e-22 	 9.56927415e-24
	27 	 -5.66533192e-22 	 9.2082676e-24
	28 	 -5.6505029e-22 	 8.99636611e-24
	29 	 -5.64984793e-22 	 8.68085228e-24
	30 	 -5.65329234e-22 	 8.39357031e-24
	31 	 -5.65541161e-22 	 8.12106174e-24
	32 	 -5.67421213e-22 	 8.08481691e-24
	33 	 -5.67228871e-22 	 7.83835373e-24
	34 	 -5.6782548e-22 	 7.62768807e-24
	35 	 -5.69392994e-22 	 7.57060516e-24
	36 	 -5.70881134e-22 	 7.50629794e-24
	37 	 -5.7181153e-22 	 7.35965322e-24
	38 	 -5.73831061e-22 	 7.44259631e-24
	39 	 -5.75488929e-22 	 7.43640625e-24
	40 	 -5.76331719e-22 	 7.2969463e-24
	41 	 -5.77959271e-22 	 7.30048045e-24
	42 	 -5.80256181e-22 	 7.48564327e-24
	43 	 -5.82754487e-22 	 7.72464355e-24
	44 	 -5.85700824e-22 	 8.10177383e-24
	45 	 -5.88807952e-22 	 8.50739134e-24
	46 	 -5.91703212e-22 	 8.80973726e-24
	47 	 -5.94859122e-22 	 9.17979414e-24
	48 	 -5.98035004e-22 	 9.53119369e-24
	49 	 -6.01338315e-22 	 9.90189956e-24
	50 	 -6.04291501e-22 	 1.01413517e-23
	51 	 -6.06077903e-22 	 1.00997541e-23
	52 	 -6.081914e-22 	 1.01266299e-23
	53 	 -6.10211419e-22 	 1.01370285e-23
	54 	 -6.11240367e-22 	 1.00006089e-23
	55 	 -6.11254066e-22 	 9.8171055e-24
	56 	 -6.11723572e-22 	 9.65163259e-24
	57 	 -6.12114421e-22 	 9.48884677e-24
	58 	 -6.12501965e-22 	 9.33186139e-24
	59 	 -6.12736255e-22 	 9.17532241e-24
	60 	 -6.12469711e-22 	 9.02504123e-24
	61 	 -6.12332776e-22 	 8.87691294e-24
	62 	 -6.11840455e-22 	 8.74643024e-24
	63 	 -6.10898082e-22 	 8.65791756e-24
	64 	 -6.10988273e-22 	 8.52204115e-24
	65 	 -6.11059705e-22 	 8.39021256e-24
	66 	 -6.11069276e-22 	 8.26211574e-24
	67 	 -6.11550057e-22 	 8.1520561e-24
	68 	 -6.12172172e-22 	 8.05533716e-24
	69 	 -6.12236246e-22 	 7.93799329e-24
	70 	 -6.1214489e-22 	 7.82430495e-24
	71 	 -6.12555178e-22 	 7.7242206e-24
	72 	 -6.12995108e-22 	 7.62887937e-24
	73 	 -6.13592926e-22 	 7.54736191e-24
	74 	 -6.13438553e-22 	 7.4462723e-24
	75 	 -6.13582639e-22 	 7.34773068e-24
	76 	 -6.14035391e-22 	 7.26452773e-24
	77 	 -6.13901538e-22 	 7.17081187e-24
	78 	 -6.13507495e-22 	 7.08924099e-24
	79 	 -6.13349564e-22 	 7.00071012e-24
	80 	 -6.13223685e-22 	 6.9137934e-24
	81 	 -6.13542728e-22 	 6.83535422e-24
	82 	 -6.13985056e-22 	 6.76595584e-24
	83 	 -6.13806579e-22 	 6.68632367e-24
	84 	 -6.13276147e-22 	 6.62750563e-24
	85 	 -6.13270804e-22 	 6.54907302e-24
	86 	 -6.12977395e-22 	 6.47912001e-24
	87 	 -6.12807394e-22 	 6.40647033e-24
	88 	 -6.12343076e-22 	 6.35024892e-24
	89 	 -6.11766622e-22 	 6.30490011e-24
	90 	 -6.11138185e-22 	 6.26604546e-24
	91 	 -6.10962887e-22 	 6.19928422e-24
	92 	 -6.10911227e-22 	 6.13174807e-24
	93 	 -6.10535918e-22 	 6.07705724e-24
	94 	 -6.10340552e-22 	 6.01523354e-24
	95 	 -6.10297941e-22 	 5.95173103e-24
	96 	 -6.10403903e-22 	 5.89036068e-24
	97 	 -6.10554557e-22 	 5.83126547e-24
	98 	 -6.11039818e-22 	 5.79182037e-24
	99 	 -6.11378881e-22 	 5.74303635e-24
	100 	 -6.11723528e-22 	 5.69575263e-24
	1 	 -6.76591259e-22 	 0
	2 	 -6.82014927e-22 	 5.42366786e-24
	3 	 -6.792267e-22 	 4.19280353e-24
	4 	 -6.80147805e-22 	 3.10455086e-24
	5 	 -6.82294343e-22 	 3.22343995e-24
	6 	 -6.83480592e-22 	 2.88690671e-24
	7 	 -6.79044019e-22 	 5.06322033e-24
	8 	 -6.75452647e-22 	 5.66790149e-24
	9 	 -6.75669736e-22 	 5.00333114e-24
	10 	 -6.77499501e-22 	 4.83473875e-24
	11 	 -6.73516412e-22 	 5.91521372e-24
	12 	 -6.70367469e-22 	 6.25091747e-24
	13 	 -6.7236331e-22 	 6.08653998e-24
	14 	 -6.75518276e-22 	 6.45813433e-24
	15 	 -6.73614593e-22 	 6.30638632e-24
	16 	 -6.73511323e-22 	 5.8999881e-24
	17 	 -6.77526924e-22 	 6.84394877e-24
	18 	 -6.79181818e-22 	 6.66137405e-24
	19 	 -6.78193551e-22 	 6.37805912e-24
	20 	 -6.81768709e-22 	 7.0280458e-24
	21 	 -6.85912682e-22 	 7.86522749e-24
	22 	 -6.88278809e-22 	 7.86362259e-24
	23 	 -6.87838823e-22 	 7.5268224e-24
	24 	 -6.88284447e-22 	 7.22014875e-24
	25 	 -6.89208365e-22 	 6.98668221e-24
	26 	 -6.89834474e-22 	 6.7417237e-24
	27 	 -6.92977346e-22 	 7.20845002e-24
	28 	 -6.93673727e-22 	 6.98105614e-24
	29 	 -6.9412874e-22 	 6.75138038e-24
	30 	 -6.96023018e-22 	 6.79195739e-24
	31 	 -6.96649608e-22 	 6.5990247e-24
	32 	 -6.96099574e-22 	 6.41310915e-24
	33 	 -6.96873733e-22 	 6.26375987e-24
	34 	 -6.98637899e-22 	 6.32764136e-24
	35 	 -6.99686323e-22 	 6.23300036e-24
	36 	 -7.02148778e-22 	 6.53877848e-24
	37 	 -7.06080284e-22 	 7.47671419e-24
	38 	 -7.09925997e-22 	 8.23095296e-24
	39 	 -7.12008119e-22 	 8.28308711e-24
	40 	 -7.14499118e-22 	 8.44891325e-24
	41 	 -7.16046252e-22 	 8.38424742e-24
	42 	 -7.19644254e-22 	 8.93833379e-24
	43 	 -7.22512234e-22 	 9.18711765e-24
	44 	 -7.24974686e-22 	 9.30753956e-24
	45 	 -7.26935035e-22 	 9.30714935e-24
	46 	 -7.28950211e-22 	 9.32296864e-24
	47 	 -7.29867857e-22 	 9.16848899e-24
	48 	 -7.29722211e-22 	 8.97662819e-24
	49 	 -7.31106582e-22 	 8.89985187e-24
	50 	 -7.31982675e-22 	 8.76393788e-24
	51 	 -7.32228691e-22 	 8.59389943e-24
	52 	 -7.32346626e-22 	 8.42783691e-24
	53 	 -7.32442873e-22 	 8.26785221e-24
	54 	 -7.31052795e-22 	 8.23152131e-24
	55 	 -7.30296887e-22 	 8.11575099e-24
	56 	 -7.29225867e-22 	 8.04115426e-24
	57 	 -7.28364613e-22 	 7.94563674e-24
	58 	 -7.27222823e-22 	 7.89048929e-24
	59 	 -7.25406961e-22 	 7.96534207e-24
	60 	 -7.25091814e-22 	 7.83779963e-24
	61 	 -7.23810155e-22 	 7.81406535e-24
	62 	 -7.22334069e-22 	 7.82743781e-24
	63 	 -7.22342308e-22 	 7.70219513e-24
	64 	 -7.22729738e-22 	 7.59078673e-24
	65 	 -7.22709646e-22 	 7.47311999e-24
	66 	 -7.22685771e-22 	 7.35905859e-24
	67 	 -7.23379839e-22 	 7.28154412e-24
	68 	 -7.24019241e-22 	 7.20210261e-24
	69 	 -7.24163983e-22 	 7.09843264e-24
	70 	 -7.24495988e-22 	 7.00416471e-24
	71 	 -7.24521173e-22 	 6.90485575e-24
	72 	 -7.24351229e-22 	 6.81040029e-24
	73 	 -7.24888449e-22 	 6.73790992e-24
	74 	 -7.2530955e-22 	 6.65956037e-24
	75 	 -7.25618696e-22 	 6.57743534e-24
	76 	 -7.24967369e-22 	 6.52291281e-24
	77 	 -7.24700467e-22 	 6.44317274e-24
	78 	 -7.24757601e-22 	 6.36028817e-24
	79 	 -7.24975897e-22 	 6.2830554e-24
	80 	 -7.24894008e-22 	 6.20456052e-24
	81 	 -7.24584741e-22 	 6.135282e-24
	82 	 -7.2438591e-22 	 6.06326058e-24
	83 	 -7.24533295e-22 	 5.99157681e-24
	84 	 -7.24854423e-22 	 5.92852244e-24
	85 	 -7.25255436e-22 	 5.87206881e-24
	86 	 -7.25310113e-22 	 5.80364486e-24
	87 	 -7.25307428e-22 	 5.73654907e-24
	88 	 -7.25889109e-22 	 5.7007402e-24
	89 	 -7.26362051e-22 	 5.65613043e-24
	90 	 -7.26531239e-22 	 5.59548986e-24
	91 	 -7.26883135e-22 	 5.54483692e-24
	92 	 -7.27053716e-22 	 5.48688802e-24
	93 	 -7.27724424e-22 	 5.46885268e-24
	94 	 -7.28234423e-22 	 5.43434454e-24
	95 	 -7.28454892e-22 	 5.38135474e-24
	96 	 -7.28889599e-22 	 5.34271814e-24
	97 	 -7.28824758e-22 	 5.28774927e-24
	98 	 -7.29367886e-22 	 5.26162163e-24
	99 	 -7.29619528e-22 	 5.21427845e-24
	100 	 -7.28967247e-22 	 5.20292182e-24
	1 	 -7.03863064e-22 	 0
	2 	 -7.12029836e-22 	 8.16677235e-24
	3 	 -7.06714992e-22 	 7.10490157e-24
	4 	 -6.98385908e-22 	 9.72694465e-24
	5 	 -6.8832053e-22 	 1.25729835e-23
	6 	 -6.72305935e-22 	 1.90224567e-23
	7 	 -6.80709029e-22 	 1.81405356e-23
	8 	 -6.80978077e-22 	 1.57124683e-23
	9 	 -6.86207611e-22 	 1.48110461e-23
	10 	 -6.93128582e-22 	 1.49463543e-23
	11 	 -6.97321222e-22 	 1.41546721e-23
	12 	 -6.96108143e-22 	 1.29782066e-23
	13 	 -6.93825844e-22 	 1.21544162e-23
	14 	 -6.97855359e-22 	 1.19525128e-23
	15 	 -6.97848065e-22 	 1.11271863e-23
	16 	 -6.96891849e-22 	 1.04523605e-23
	17 	 -6.96677095e-22 	 9.82063138e-24
	18 	 -6.95672436e-22 	 9.31332661e-24
	19 	 -6.95937884e-22 	 8.81352335e-24
	20 	 -6.97067302e-22 	 8.43717726e-24
	21 	 -6.9691974e-22 	 8.02671286e-24
	22 	 -6.96272324e-22 	 7.68050554e-24
	23 	 -6.96785089e-22 	 7.35686848e-24
	24 	 -6.96501054e-22 	 7.04938984e-24
	25 	 -6.97143518e-22 	 6.79199126e-24
	26 	 -6.98666785e-22 	 6.70096537e-24
	27 	 -6.97892004e-22 	 6.49438824e-24
	28 	 -6.9682754e-22 	 6.34803231e-24
	29 	 -6.98425241e-22 	 6.33016782e-24
	30 	 -7.00522438e-22 	 6.46512638e-24
	31 	 -7.00238147e-22 	 6.25955627e-24
	32 	 -7.00812062e-22 	 6.0879016e-24
	33 	 -7.01631458e-22 	 5.95715871e-24
	34 	 -7.03056597e-22 	 5.95241532e-24
	35 	 -7.0568858e-22 	 6.35090067e-24
	36 	 -7.0652259e-22 	 6.22806049e-24
	37 	 -7.08667162e-22 	 6.42582582e-24
	38 	 -7.11144039e-22 	 6.72703036e-24
	39 	 -7.12684161e-22 	 6.73084312e-24
	40 	 -7.13507177e-22 	 6.61183725e-24
	41 	 -7.15407562e-22 	 6.72274854e-24
	42 	 -7.17086341e-22 	 6.77211101e-24
	43 	 -7.1808424e-22 	 6.68761522e-24
	44 	 -7.17572837e-22 	 6.5538395e-24
	45 	 -7.18362522e-22 	 6.4550291e-24
	46 	 -7.19562719e-22 	 6.42621562e-24
	47 	 -7.19653093e-22 	 6.28865069e-24
	48 	 -7.19284861e-22 	 6.16724616e-24
	49 	 -7.19885828e-22 	 6.0698963e-24
	50 	 -7.19762034e-22 	 5.94854776e-24
	51 	 -7.19176891e-22 	 5.86003052e-24
	52 	 -7.19879651e-22 	 5.78904669e-24
	53 	 -7.20275436e-22 	 5.69254456e-24
	54 	 -7.18766007e-22 	 5.78647137e-24
	55 	 -7.17864527e-22 	 5.75137752e-24
	56 	 -7.17947734e-22 	 5.64835351e-24
	57 	 -7.1742741e-22 	 5.57271925e-24
	58 	 -7.16498161e-22 	 5.55408267e-24
	59 	 -7.15875459e-22 	 5.49453388e-24
	60 	 -7.16013588e-22 	 5.40394783e-24
	61 	 -7.16429132e-22 	 5.33084093e-24
	62 	 -7.16726985e-22 	 5.2526066e-24
	63 	 -7.15922682e-22 	 5.23076583e-24
	64 	 -7.1568265e-22 	 5.15397886e-24
	65 	 -7.15690914e-22 	 5.0740741e-24
	66 	 -7.16692793e-22 	 5.09605742e-24
	67 	 -7.17625495e-22 	 5.10534197e-24
	68 	 -7.17773654e-22 	 5.03188474e-24
	69 	 -7.17931665e-22 	 4.96093967e-24
	70 	 -7.18495906e-22 	 4.92200388e-24
	71 	 -7.18997962e-22 	 4.8780894e-24
	72 	 -7.18174905e-22 	 4.87977321e-24
	73 	 -7.17529254e-22 	 4.85558061e-24
	74 	 -7.17595336e-22 	 4.78997107e-24
	75 	 -7.17466851e-22 	 4.72741958e-24
	76 	 -7.17046316e-22 	 4.68371938e-24
	77 	 -7.1712263e-22 	 4.62312155e-24
	78 	 -7.17209681e-22 	 4.56429607e-24
	79 	 -7.17254304e-22 	 4.50637074e-24
	80 	 -7.18160562e-22 	 4.54103475e-24
	81 	 -7.18841244e-22 	 4.5359854e-24
	82 	 -7.1904565e-22 	 4.4849874e-24
	83 	 -7.19295688e-22 	 4.43767163e-24
	84 	 -7.19511726e-22 	 4.38984315e-24
	85 	 -7.19776473e-22 	 4.3459619e-24
	86 	 -7.20323892e-22 	 4.32987424e-24
	87 	 -7.20462912e-22 	 4.28207349e-24
	88 	 -7.19923404e-22 	 4.26737527e-24
	89 	 -7.19713344e-22 	 4.22438069e-24
	90 	 -7.2005097e-22 	 4.19080178e-24
	91 	 -7.20385065e-22 	 4.1579373e-24
	92 	 -7.20316336e-22 	 4.11306826e-24
	93 	 -7.19803696e-22 	 4.10077026e-24
	94 	 -7.19519588e-22 	 4.06684645e-24
	95 	 -7.19325103e-22 	 4.02850717e-24
	96 	 -7.19162571e-22 	 3.98963471e-24
	97 	 -7.1872964e-22 	 3.9719548e-24
	98 	 -7.17983475e-22 	 4.00140232e-24
	99 	 -7.17258207e-22 	 4.02663314e-24
	100 	 -7.16501262e-22 	 4.05739625e-24
	1 	 -5.83434631e-22 	 0
	2 	 -5.86681133e-22 	 3.24650258e-24
	3 	 -6.00772376e-22 	 1.42153572e-23
	4 	 -6.11936105e-22 	 1.50222182e-23
	5 	 -6.09285748e-22 	 1.19341785e-23
	6 	 -6.04665171e-22 	 1.07842238e-23
	7 	 -6.04035905e-22 	 9.13602947e-24
	8 	 -6.02870625e-22 	 7.99738406e-24
	9 	 -6.02815538e-22 	 7.05324491e-24
	10 	 -6.03869672e-22 	 6.39607771e-24
	11 	 -6.06557989e-22 	 6.37955417e-24
	12 	 -6.0964473e-22 	 6.59117304e-24
	13 	 -6.14556534e-22 	 7.80293267e-24
	14 	 -6.20666973e-22 	 9.46177836e-24
	15 	 -6.27906434e-22 	 1.1401682e-23
	16 	 -6.36236767e-22 	 1.35330336e-23
	17 	 -6.47371842e-22 	 1.68993099e-23
	18 	 -6.5761743e-22 	 1.89427267e-23
	19 	 -6.65206916e-22 	 1.94590835e-23
	20 	 -6.73742066e-22 	 2.033812e-23
	21 	 -6.81422407e-22 	 2.08142396e-23
	22 	 -6.85802556e-22 	 2.03232254e-23
	23 	 -6.92090492e-22 	 2.04121453e-23
	24 	 -6.98273471e-22 	 2.04978926e-23
	25 	 -7.04233267e-22 	 2.05443344e-23
	26 	 -7.07807566e-22 	 2.00593717e-23
	27 	 -7.09834087e-22 	 1.94082295e-23
	28 	 -7.13101044e-22 	 1.89854342e-23
	29 	 -7.16861199e-22 	 1.87009915e-23
	30 	 -7.21261195e-22 	 1.85949432e-23
	31 	 -7.23679252e-22 	 1.81469294e-23
	32 	 -7.25738158e-22 	 1.76909073e-23
	33 	 -7.28265646e-22 	 1.73317231e-23
	34 	 -7.30491775e-22 	 1.69609657e-23
	35 	 -7.32397298e-22 	 1.65791085e-23
	36 	 -7.32508628e-22 	 1.6112382e-23
	37 	 -7.32516859e-22 	 1.5670865e-23
	38 	 -7.31901482e-22 	 1.52653086e-23
	39 	 -7.30331778e-22 	 1.49513671e-23
	40 	 -7.29017025e-22 	 1.46319781e-23
	41 	 -7.27764456e-22 	 1.4325504e-23
	42 	 -7.26538802e-22 	 1.40338843e-23
	43 	 -7.25025069e-22 	 1.37869807e-23
	44 	 -7.2348266e-22 	 1.3558017e-23
	45 	 -7.22025278e-22 	 1.33331922e-23
	46 	 -7.20499326e-22 	 1.3129099e-23
	47 	 -7.18493588e-22 	 1.30023534e-23
	48 	 -7.17104187e-22 	 1.28041951e-23
	49 	 -7.16940342e-22 	 1.25412331e-23
	50 	 -7.13729191e-22 	 1.27005005e-23
	51 	 -7.12034503e-22 	 1.25638006e-23
	52 	 -7.1152909e-22 	 1.23301828e-23
	53 	 -7.106886e-22 	 1.21244679e-23
	54 	 -7.09229503e-22 	 1.19869572e-23
	55 	 -7.07614724e-22 	 1.18772751e-23
	56 	 -7.06566552e-22 	 1.17102573e-23
	57 	 -7.05215768e-22 	 1.15820189e-23
	58 	 -7.03948217e-22 	 1.14509485e-23
	59 	 -7.02586106e-22 	 1.13373136e-23
	60 	 -7.01043209e-22 	 1.12530316e-23
	61 	 -6.99925339e-22 	 1.11233325e-23
	62 	 -6.99051915e-22 	 1.09772562e-23
	63 	 -6.97797106e-22 	 1.08742492e-23
	64 	 -6.9540609e-22 	 1.09668119e-23
	65 	 -6.94295627e-22 	 1.08537296e-23
	66 	 -6.93640082e-22 	 1.0708099e-23
	67 	 -6.93410651e-22 	 1.05495609e-23
	68 	 -6.92931904e-22 	 1.04042829e-23
	69 	 -6.92115199e-22 	 1.02848653e-23
	70 	 -6.91611664e-22 	 1.01493724e-23
	71 	 -6.90972608e-22 	 1.00257903e-23
	72 	 -6.90383034e-22 	 9.90312795e-24
	73 	 -6.90005386e-22 	 9.77382518e-24
	74 	 -6.89216043e-22 	 9.67310153e-24
	75 	 -6.88431576e-22 	 9.57544311e-24
	76 	 -6.87809713e-22 	 9.46905237e-24
	77 	 -6.87017407e-22 	 9.37879491e-24
	78 	 -6.85675915e-22 	 9.35446229e-24
	79 	 -6.85217942e-22 	 9.24664065e-24
	80 	 -6.8483922e-22 	 9.1381773e-24
	81 	 -6.84720867e-22 	 9.02543119e-24
	82 	 -6.84597162e-22 	 8.91554377e-24
	83 	 -6.83845607e-22 	 8.83948009e-24
	84 	 -6.83431103e-22 	 8.74344504e-24
	85 	 -6.83252511e-22 	 8.64181426e-24
	86 	 -6.83140925e-22 	 8.54146584e-24
	87 	 -6.82829597e-22 	 8.44845545e-24
	88 	 -6.83033832e-22 	 8.35439529e-24
	89 	 -6.83206478e-22 	 8.26179638e-24
	90 	 -6.8261219e-22 	 8.19107004e-24
	91 	 -6.82474296e-22 	 8.10173179e-24
	92 	 -6.82425513e-22 	 8.0133341e-24
	93 	 -6.82256067e-22 	 7.9285118e-24
	94 	 -6.82485551e-22 	 7.84706874e-24
	95 	 -6.82485799e-22 	 7.76402865e-24
	96 	 -6.82164492e-22 	 7.68944362e-24
	97 	 -6.81761367e-22 	 7.62042834e-24
	98 	 -6.81404781e-22 	 7.55069274e-24
	99 	 -6.81234765e-22 	 7.47596744e-24
	100 	 -6.80815129e-22 	 7.41271758e-24
	1 	 -6.47576656e-22 	 0
	2 	 -6.52650143e-22 	 5.07348682e-24
	3 	 -6.6127279e-22 	 9.10659863e-24
	4 	 -6.70200381e-22 	 1.10075858e-23
	5 	 -6.83163082e-22 	 1.55155337e-23
	6 	 -6.85378165e-22 	 1.28605773e-23
	7 	 -6.84640872e-22 	 1.08941495e-23
	8 	 -6.92727749e-22 	 1.24261601e-23
	9 	 -6.98154877e-22 	 1.22290618e-23
	10 	 -7.05447659e-22 	 1.31462782e-23
	11 	 -7.08023306e-22 	 1.21670016e-23
	12 	 -7.09762854e-22 	 1.12422996e-23
	13 	 -7.09511112e-22 	 1.03444752e-23
	14 	 -7.07972026e-22 	 9.70000377e-24
	15 	 -7.06496212e-22 	 9.15001395e-24
	16 	 -7.05356307e-22 	 8.63462769e-24
	17 	 -7.04717271e-22 	 8.13595567e-24
	18 	 -7.02768987e-22 	 7.91421017e-24
	19 	 -6.99584714e-22 	 8.13518204e-24
	20 	 -6.97343994e-22 	 8.0364104e-24
	21 	 -6.95217629e-22 	 7.93438565e-24
	22 	 -6.94537584e-22 	 7.59564367e-24
	23 	 -6.93265961e-22 	 7.3684445e-24
	24 	 -6.8927375e-22 	 8.10599945e-24
	25 	 -6.89554868e-22 	 7.78008201e-24
	26 	 -6.88197188e-22 	 7.59716e-24
	27 	 -6.86169393e-22 	 7.58640052e-24
	28 	 -6.85248555e-22 	 7.36820553e-24
	29 	 -6.83733586e-22 	 7.26921012e-24
	30 	 -6.82858182e-22 	 7.0770747e-24
	31 	 -6.81302365e-22 	 7.01956292e-24
	32 	 -6.79581009e-22 	 7.01125442e-24
	33 	 -6.7687639e-22 	 7.31391814e-24
	34 	 -6.763176e-22 	 7.11751184e-24
	35 	 -6.76551366e-22 	 6.91511554e-24
	36 	 -6.7632969e-22 	 6.72393948e-24
	37 	 -6.75327649e-22 	 6.61601005e-24
	38 	 -6.74998693e-22 	 6.447948e-24
	39 	 -6.75277118e-22 	 6.28660875e-24
	40 	 -6.75596887e-22 	 6.13576638e-24
	41 	 -6.760523e-22 	 6.00154652e-24
	42 	 -6.76884686e-22 	 5.91576355e-24
	43 	 -6.76959655e-22 	 5.77703606e-24
	44 	 -6.76598822e-22 	 5.65573509e-24
	45 	 -6.7655953e-22 	 5.52876331e-24
	46 	 -6.77394209e-22 	 5.47127973e-24
	47 	 -6.78138187e-22 	 5.40505127e-24
	48 	 -6.76913468e-22 	 5.43113622e-24
	49 	 -6.76951527e-22 	 5.31927816e-24
	50 	 -6.77201877e-22 	 5.21781625e-24
	51 	 -6.77292886e-22 	 5.11529258e-24
	52 	 -6.77062261e-22 	 5.02125614e-24
	53 	 -6.7742329e-22 	 4.93881778e-24
	54 	 -6.76921599e-22 	 4.87239265e-24
	55 	 -6.76103902e-22 	 4.85237655e-24
	56 	 -6.75758375e-22 	 4.77745065e-24
	57 	 -6.74383752e-22 	 4.89006932e-24
	58 	 -6.73172653e-22 	 4.95529628e-24
	59 	 -6.72167994e-22 	 4.9731207e-24
	60 	 -6.71135169e-22 	 4.99742523e-24
	61 	 -6.7018985e-22 	 5.00490347e-24
	62 	 -6.69191361e-22 	 5.0237441e-24
	63 	 -6.67660514e-22 	 5.17496768e-24
	64 	 -6.67033837e-22 	 5.13187405e-24
	65 	 -6.66996767e-22 	 5.05244128e-24
	66 	 -6.66595542e-22 	 4.99145212e-24
	67 	 -6.66782517e-22 	 4.91994257e-24
	68 	 -6.67503883e-22 	 4.90043544e-24
	69 	 -6.68175429e-22 	 4.87536418e-24
	70 	 -6.68525273e-22 	 4.81792976e-24
	71 	 -6.69514248e-22 	 4.85145828e-24
	72 	 -6.70144299e-22 	 4.82491606e-24
	73 	 -6.70723516e-22 	 4.7934856e-24
	74 	 -6.70513949e-22 	 4.73290704e-24
	75 	 -6.70810276e-22 	 4.67876852e-24
	76 	 -6.71312797e-22 	 4.6440636e-24
	77 	 -6.7156905e-22 	 4.59051216e-24
	78 	 -6.71579937e-22 	 4.53129034e-24
	79 	 -6.71729936e-22 	 4.47607856e-24
	80 	 -6.71570181e-22 	 4.42265968e-24
	81 	 -6.71487072e-22 	 4.3685083e-24
	82 	 -6.7191797e-22 	 4.33636686e-24
	83 	 -6.72542297e-22 	 4.32905894e-24
	84 	 -6.72935948e-22 	 4.29528861e-24
	85 	 -6.73207749e-22 	 4.25314869e-24
	86 	 -6.7371048e-22 	 4.23335936e-24
	87 	 -6.73923846e-22 	 4.18985344e-24
	88 	 -6.74297117e-22 	 4.15875331e-24
	89 	 -6.7451645e-22 	 4.11760597e-24
	90 	 -6.74436508e-22 	 4.07238246e-24
	91 	 -6.73674161e-22 	 4.09890009e-24
	92 	 -6.73287453e-22 	 4.07250369e-24
	93 	 -6.72830943e-22 	 4.05425885e-24
	94 	 -6.72302351e-22 	 4.04557792e-24
	95 	 -6.71470266e-22 	 4.08833755e-24
	96 	 -6.70430296e-22 	 4.17705919e-24
	97 	 -6.6961957e-22 	 4.21252302e-24
	98 	 -6.68634154e-22 	 4.28418545e-24
	99 	 -6.67176223e-22 	 4.48430771e-24
	100 	 -6.66216437e-22 	 4.54180851e-24
	1 	 -5.44816932e-22 	 0
	2 	 -5.90070625e-22 	 4.52536928e-23
	3 	 -5.9944463e-22 	 2.77579576e-23
	4 	 -5.90053918e-22 	 2.17586205e-23
	5 	 -5.90025259e-22 	 1.68541794e-23
	6 	 -5.88393238e-22 	 1.3857816e-23
	7 	 -5.8607083e-22 	 1.1940031e-23
	8 	 -5.89391146e-22 	 1.08603754e-23
	9 	 -5.8361196e-22 	 1.11864264e-23
	10 	 -5.77592042e-22 	 1.16768284e-23
	11 	 -5.75227239e-22 	 1.08235858e-23
	12 	 -5.72822424e-22 	 1.01689794e-23
	13 	 -5.71524349e-22 	 9.4437385e-24
	14 	 -5.71545217e-22 	 8.74322782e-24
	15 	 -5.70013205e-22 	 8.28242447e-24
	16 	 -5.71106083e-22 	 7.82420077e-24
	17 	 -5.7648015e-22 	 9.10475639e-24
	18 	 -5.80052806e-22 	 9.2978345e-24
	19 	 -5.8338077e-22 	 9.40346208e-24
	20 	 -5.85638327e-22 	 9.20212754e-24
	21 	 -5.90206423e-22 	 9.87329612e-24
	22 	 -5.95256246e-22 	 1.06827285e-23
	23 	 -5.99407097e-22 	 1.10193789e-23
	24 	 -6.01348766e-22 	 1.07274366e-23
	25 	 -6.05028031e-22 	 1.09274269e-23
	26 	 -6.06208242e-22 	 1.05648604e-23
	27 	 -6.08630285e-22 	 1.04505835e-23
	28 	 -6.10858268e-22 	 1.03139496e-23
	29 	 -6.12828034e-22 	 1.01450061e-23
	30 	 -6.15409451e-22 	 1.01352578e-23
	31 	 -6.16721364e-22 	 9.89026033e-24
	32 	 -6.15514984e-22 	 9.65189224e-24
	33 	 -6.16943917e-22 	 9.46334352e-24
	34 	 -6.1794633e-22 	 9.23535431e-24
	35 	 -6.18535201e-22 	 8.98691956e-24
	36 	 -6.18970591e-22 	 8.74456163e-24
	37 	 -6.19565368e-22 	 8.52571094e-24
	38 	 -6.19098733e-22 	 8.31142735e-24
	39 	 -6.1902095e-22 	 8.09588288e-24
	40 	 -6.19549467e-22 	 7.90857029e-24
	41 	 -6.19586287e-22 	 7.71335468e-24
	42 	 -6.18184017e-22 	 7.65696207e-24
	43 	 -6.16559131e-22 	 7.65129978e-24
	44 	 -6.1550267e-22 	 7.54966755e-24
	45 	 -6.14252423e-22 	 7.48514371e-24
	46 	 -6.12360584e-22 	 7.5611148e-24
	47 	 -6.10774603e-22 	 7.56657169e-24
	48 	 -6.08711488e-22 	 7.68920733e-24
	49 	 -6.06143053e-22 	 7.95660403e-24
	50 	 -6.03821765e-22 	 8.13410268e-24
	51 	 -6.0236774e-22 	 8.10451497e-24
	52 	 -6.00866154e-22 	 8.08774675e-24
	53 	 -5.99397233e-22 	 8.06851972e-24
	54 	 -5.98214974e-22 	 8.00547304e-24
	55 	 -5.97475022e-22 	 7.89333068e-24
	56 	 -5.96790364e-22 	 7.78127619e-24
	57 	 -5.96591605e-22 	 7.6461274e-24
	58 	 -5.96624316e-22 	 7.51321234e-24
	59 	 -5.96743744e-22 	 7.38573753e-24
	60 	 -5.97214841e-22 	 7.27686382e-24
	61 	 -5.97489217e-22 	 7.16183451e-24
	62 	 -5.97584148e-22 	 7.04601368e-24
	63 	 -5.97208883e-22 	 6.94341837e-24
	64 	 -5.96701654e-22 	 6.85286401e-24
	65 	 -5.95741338e-22 	 6.81461471e-24
	66 	 -5.95567111e-22 	 6.71283003e-24
	67 	 -5.95112756e-22 	 6.62747228e-24
	68 	 -5.94893156e-22 	 6.53297396e-24
	69 	 -5.94524856e-22 	 6.44812372e-24
	70 	 -5.93331077e-22 	 6.46648722e-24
	71 	 -5.92666666e-22 	 6.40929004e-24
	72 	 -5.92742631e-22 	 6.32010175e-24
	73 	 -5.92303848e-22 	 6.24834929e-24
	74 	 -5.92076764e-22 	 6.16751572e-24
	75 	 -5.91338475e-22 	 6.12935297e-24
	76 	 -5.91061434e-22 	 6.05450763e-24
	77 	 -5.91108124e-22 	 5.97554274e-24
	78 	 -5.90960786e-22 	 5.90027564e-24
	79 	 -5.91083563e-22 	 5.82640358e-24
	80 	 -5.90736059e-22 	 5.7635981e-24
	81 	 -5.9034981e-22 	 5.70508788e-24
	82 	 -5.91034419e-22 	 5.67651854e-24
	83 	 -5.91943718e-22 	 5.68095353e-24
	84 	 -5.93173834e-22 	 5.74612984e-24
	85 	 -5.94323921e-22 	 5.79342848e-24
	86 	 -5.95209024e-22 	 5.79367479e-24
	87 	 -5.96303396e-22 	 5.83032329e-24
	88 	 -5.97482506e-22 	 5.88306125e-24
	89 	 -5.98870842e-22 	 5.97997681e-24
	90 	 -5.99841585e-22 	 5.99231145e-24
	91 	 -6.0056592e-22 	 5.97019893e-24
	92 	 -6.01336193e-22 	 5.95497626e-24
	93 	 -6.01951365e-22 	 5.92263116e-24
	94 	 -6.02282806e-22 	 5.86865247e-24
	95 	 -6.02856481e-22 	 5.83481877e-24
	96 	 -6.03425671e-22 	 5.80170781e-24
	97 	 -6.03418306e-22 	 5.74158959e-24
	98 	 -6.03505862e-22 	 5.6833744e-24
	99 	 -6.03849114e-22 	 5.63613575e-24
	100 	 -6.04508467e-22 	 5.61831398e-24
	1 	 -6.44836197e-22 	 0
	2 	 -6.24413058e-22 	 2.04231388e-23
	3 	 -6.29249258e-22 	 1.27445556e-23
	4 	 -6.34384348e-22 	 1.0372126e-23
	5 	 -6.43076554e-22 	 1.18365134e-23
	6 	 -6.56364545e-22 	 1.64308473e-23
	7 	 -6.62070191e-22 	 1.50130632e-23
	8 	 -6.54212705e-22 	 1.5191581e-23
	9 	 -6.51015117e-22 	 1.37740097e-23
	10 	 -6.52929081e-22 	 1.24676354e-23
	11 	 -6.5247046e-22 	 1.12867221e-23
	12 	 -6.54865939e-22 	 1.05781253e-23
	13 	 -6.56946693e-22 	 9.95044656e-24
	14 	 -6.54183206e-22 	 9.61788746e-24
	15 	 -6.54632845e-22 	 8.96504878e-24
	16 	 -6.55834871e-22 	 8.47174437e-24
	17 	 -6.5579967e-22 	 7.95789602e-24
	18 	 -6.58489333e-22 	 7.97031587e-24
	19 	 -6.63456778e-22 	 9.02853853e-24
	20 	 -6.67071873e-22 	 9.29687943e-24
	21 	 -6.71212733e-22 	 9.76458288e-24
	22 	 -6.75200777e-22 	 1.0128359e-23
	23 	 -6.79707223e-22 	 1.06757384e-23
	24 	 -6.84650404e-22 	 1.13538016e-23
	25 	 -6.88320329e-22 	 1.14919302e-23
	26 	 -6.91600135e-22 	 1.15179329e-23
	27 	 -6.94785556e-22 	 1.15318175e-23
	28 	 -6.97120309e-22 	 1.13549599e-23
	29 	 -6.9920309e-22 	 1.11526236e-23
	30 	 -7.01817586e-22 	 1.10871339e-23
	31 	 -7.03285016e-22 	 1.08234594e-23
	32 	 -7.0384643e-22 	 1.04947965e-23
	33 	 -7.04501692e-22 	 1.0192886e-23
	34 	 -7.05849465e-22 	 9.97997745e-24
	35 	 -7.05698422e-22 	 9.6918181e-24
	36 	 -7.06825681e-22 	 9.48597085e-24
	37 	 -7.06945114e-22 	 9.22680477e-24
	38 	 -7.07601632e-22 	 9.00467708e-24
	39 	 -7.08515948e-22 	 8.81827753e-24
	40 	 -7.08823541e-22 	 8.60049598e-24
	41 	 -7.09991101e-22 	 8.46897323e-24
	42 	 -7.1157135e-22 	 8.41458784e-24
	43 	 -7.12993377e-22 	 8.33871569e-24
	44 	 -7.15126896e-22 	 8.42172416e-24
	45 	 -7.16452919e-22 	 8.33855703e-24
	46 	 -7.19124158e-22 	 8.58160504e-24
	47 	 -7.21540567e-22 	 8.73780251e-24
	48 	 -7.23327452e-22 	 8.73847437e-24
	49 	 -7.25406859e-22 	 8.80727505e-24
	50 	 -7.27621195e-22 	 8.90890873e-24
	51 	 -7.29867213e-22 	 9.01669307e-24
	52 	 -7.31850825e-22 	 9.06137498e-24
	53 	 -7.33544871e-22 	 9.04874994e-24
	54 	 -7.34814782e-22 	 8.96994771e-24
	55 	 -7.3613349e-22 	 8.90354629e-24
	56 	 -7.36848358e-22 	 8.77228527e-24
	57 	 -7.37332205e-22 	 8.63058468e-24
	58 	 -7.3658411e-22 	 8.51340832e-24
	59 	 -7.35336187e-22 	 8.46041068e-24
	60 	 -7.33118756e-22 	 8.60869313e-24
	61 	 -7.32211615e-22 	 8.51485042e-24
	62 	 -7.31101106e-22 	 8.44968119e-24
	63 	 -7.29036943e-22 	 8.56687265e-24
	64 	 -7.27463918e-22 	 8.57742593e-24
	65 	 -7.25813244e-22 	 8.60425477e-24
	66 	 -7.24120409e-22 	 8.64033909e-24
	67 	 -7.22284991e-22 	 8.70607253e-24
	68 	 -7.201026e-22 	 8.85038097e-24
	69 	 -7.18616653e-22 	 8.84685653e-24
	70 	 -7.17337395e-22 	 8.81289814e-24
	71 	 -7.15360237e-22 	 8.9100237e-24
	72 	 -7.13014529e-22 	 9.09316382e-24
	73 	 -7.11985692e-22 	 9.0265594e-24
	74 	 -7.1144216e-22 	 8.92031796e-24
	75 	 -7.11388701e-22 	 8.80073908e-24
	76 	 -7.1112739e-22 	 8.68809845e-24
	77 	 -7.10497762e-22 	 8.59760939e-24
	78 	 -7.10447423e-22 	 8.48681714e-24
	79 	 -7.10769054e-22 	 8.38487132e-24
	80 	 -7.11215273e-22 	 8.29141281e-24
	81 	 -7.12019759e-22 	 8.22783414e-24
	82 	 -7.12578114e-22 	 8.14603351e-24
	83 	 -7.12742083e-22 	 8.04896038e-24
	84 	 -7.12506453e-22 	 7.95605219e-24
	85 	 -7.12201082e-22 	 7.86782275e-24
	86 	 -7.11801654e-22 	 7.78605046e-24
	87 	 -7.11340701e-22 	 7.70982727e-24
	88 	 -7.10612371e-22 	 7.65643261e-24
	89 	 -7.10104612e-22 	 7.58692656e-24
	90 	 -7.09631215e-22 	 7.51707492e-24
	91 	 -7.08908417e-22 	 7.46906641e-24
	92 	 -7.08092272e-22 	 7.4323809e-24
	93 	 -7.07389239e-22 	 7.38556552e-24
	94 	 -7.0690051e-22 	 7.32290027e-24
	95 	 -7.06391084e-22 	 7.26329397e-24
	96 	 -7.0556619e-22 	 7.23441889e-24
	97 	 -7.0474567e-22 	 7.20631393e-24
	98 	 -7.04596958e-22 	 7.13395124e-24
	99 	 -7.04288919e-22 	 7.06823893e-24
	100 	 -7.03780104e-22 	 7.01567488e-24
	1 	 -6.45278236e-22 	 0
	2 	 -6.46684092e-22 	 1.40585533e-24
	3 	 -6.60105013e-22 	 1.34454433e-23
	4 	 -6.5921382e-22 	 9.54904169e-24
	5 	 -6.52949778e-22 	 9.69271597e-24
	6 	 -6.44778989e-22 	 1.13751608e-23
	7 	 -6.50842787e-22 	 1.13663593e-23
	8 	 -6.56872429e-22 	 1.15434909e-23
	9 	 -6.55350284e-22 	 1.02935664e-23
	10 	 -6.51089808e-22 	 1.01448343e-23
	11 	 -6.49257493e-22 	 9.35749652e-24
	12 	 -6.5174471e-22 	 8.89692086e-24
	13 	 -6.56732499e-22 	 9.58412821e-24
	14 	 -6.57622095e-22 	 8.91766107e-24
	15 	 -6.62169012e-22 	 9.46550805e-24
	16 	 -6.65525946e-22 	 9.46917989e-24
	17 	 -6.71402431e-22 	 1.06606556e-23
	18 	 -6.75917267e-22 	 1.10184204e-23
	19 	 -6.80931944e-22 	 1.15660295e-23
	20 	 -6.87249618e-22 	 1.26613092e-23
	21 	 -6.9164054e-22 	 1.28187927e-23
	22 	 -6.95453755e-22 	 1.28032706e-23
	23 	 -7.04690042e-22 	 1.53290085e-23
	24 	 -7.11773536e-22 	 1.62964057e-23
	25 	 -7.17817087e-22 	 1.67586253e-23
	26 	 -7.21680818e-22 	 1.65582602e-23
	27 	 -7.23469927e-22 	 1.60333265e-23
	28 	 -7.27851455e-22 	 1.60593703e-23
	29 	 -7.33402348e-22 	 1.64599316e-23
	30 	 -7.37373983e-22 	 1.63902801e-23
	31 	 -7.40946246e-22 	 1.62502506e-23
	32 	 -7.44330842e-22 	 1.60941519e-23
	33 	 -7.45266133e-22 	 1.56268425e-23
	34 	 -7.48622625e-22 	 1.55273836e-23
	35 	 -7.5105357e-22 	 1.52719356e-23
	36 	 -7.4999799e-22 	 1.48791442e-23
	37 	 -7.5003281e-22 	 1.44714607e-23
	38 	 -7.48588766e-22 	 1.41593137e-23
	39 	 -7.4534089e-22 	 1.41687517e-23
	40 	 -7.42964065e-22 	 1.40130348e-23
	41 	 -7.41075117e-22 	 1.37969012e-23
	42 	 -7.39252634e-22 	 1.35871788e-23
	43 	 -7.38430557e-22 	 1.329288e-23
	44 	 -7.36489872e-22 	 1.31314534e-23
	45 	 -7.37515203e-22 	 1.28772121e-23
	46 	 -7.39821863e-22 	 1.28036556e-23
	47 	 -7.41135314e-22 	 1.25969382e-23
	48 	 -7.4266599e-22 	 1.24263444e-23
	49 	 -7.43769832e-22 	 1.22200609e-23
	50 	 -7.43185608e-22 	 1.19874104e-23
	51 	 -7.40862099e-22 	 1.19775409e-23
	52 	 -7.37812035e-22 	 1.21345223e-23
	53 	 -7.35395514e-22 	 1.21461816e-23
	54 	 -7.32823364e-22 	 1.21935072e-23
	55 	 -7.302329e-22 	 1.22468574e-23
	56 	 -7.29679485e-22 	 1.20389019e-23
	57 	 -7.28581054e-22 	 1.18767111e-23
	58 	 -7.27408016e-22 	 1.17289504e-23
	59 	 -7.25412701e-22 	 1.16998387e-23
	60 	 -7.23905418e-22 	 1.16015194e-23
	61 	 -7.23197573e-22 	 1.14316814e-23
	62 	 -7.21324885e-22 	 1.1400645e-23
	63 	 -7.18422394e-22 	 1.1587622e-23
	64 	 -7.15950745e-22 	 1.16698756e-23
	65 	 -7.13660673e-22 	 1.17149517e-23
	66 	 -7.12130738e-22 	 1.16370959e-23
	67 	 -7.10130072e-22 	 1.16353865e-23
	68 	 -7.08315763e-22 	 1.16056928e-23
	69 	 -7.07183366e-22 	 1.14921847e-23
	70 	 -7.06631962e-22 	 1.13402345e-23
	71 	 -7.06089055e-22 	 1.11925469e-23
	72 	 -7.05009394e-22 	 1.10886863e-23
	73 	 -7.04276941e-22 	 1.09602333e-23
	74 	 -7.04101117e-22 	 1.08125371e-23
	75 	 -7.04261928e-22 	 1.06686079e-23
	76 	 -7.04761898e-22 	 1.05391613e-23
	77 	 -7.05061363e-22 	 1.04056986e-23
	78 	 -7.04135165e-22 	 1.03131001e-23
	79 	 -7.02224373e-22 	 1.03594643e-23
	80 	 -7.00008282e-22 	 1.04664509e-23
	81 	 -6.99212072e-22 	 1.03670483e-23
	82 	 -6.97878669e-22 	 1.03262915e-23
	83 	 -6.96897467e-22 	 1.02481999e-23
	84 	 -6.96125106e-22 	 1.01548773e-23
	85 	 -6.96422646e-22 	 1.00391072e-23
	86 	 -6.96313849e-22 	 9.92228324e-24
	87 	 -6.96520758e-22 	 9.80975322e-24
	88 	 -6.96263715e-22 	 9.70104403e-24
	89 	 -6.96192743e-22 	 9.59168677e-24
	90 	 -6.9648277e-22 	 9.48894703e-24
	91 	 -6.97182488e-22 	 9.41014438e-24
	92 	 -6.9755551e-22 	 9.31477029e-24
	93 	 -6.98359566e-22 	 9.2490831e-24
	94 	 -6.99271024e-22 	 9.19544323e-24
	95 	 -6.99917632e-22 	 9.12108263e-24
	96 	 -7.00750705e-22 	 9.06393665e-24
	97 	 -7.00526721e-22 	 8.97280336e-24
	98 	 -7.00606755e-22 	 8.8811328e-24
	99 	 -6.99879534e-22 	 8.82099463e-24
	100 	 -6.99297516e-22 	 8.75171368e-24
