	1 	 -1.0416e-20 	 0
	2 	 -9.95611e-21 	 4.5993e-22
	3 	 -9.65354e-21 	 4.02568e-22
	4 	 -9.54728e-21 	 3.03844e-22
	5 	 -9.49141e-21 	 2.41896e-22
	6 	 -9.45947e-21 	 2.00073e-22
	7 	 -9.43895e-21 	 1.70333e-22
	8 	 -9.41724e-21 	 1.49103e-22
	9 	 -9.40365e-21 	 1.32196e-22
	10 	 -9.40336e-21 	 1.1824e-22
	11 	 -9.38778e-21 	 1.0808e-22
	12 	 -9.37232e-21 	 9.98674e-23
	13 	 -9.37273e-21 	 9.18656e-23
	14 	 -9.36414e-21 	 8.54838e-23
	15 	 -9.35919e-21 	 7.97349e-23
	16 	 -9.35885e-21 	 7.45859e-23
	17 	 -9.35073e-21 	 7.05303e-23
	18 	 -9.3449e-21 	 6.67516e-23
	19 	 -9.33646e-21 	 6.37018e-23
	20 	 -9.33378e-21 	 6.04923e-23
	21 	 -9.32889e-21 	 5.77472e-23
	22 	 -9.32539e-21 	 5.51704e-23
	23 	 -9.32018e-21 	 5.29739e-23
	24 	 -9.31602e-21 	 5.0889e-23
	25 	 -9.31208e-21 	 4.897e-23
	26 	 -9.31246e-21 	 4.70504e-23
	27 	 -9.309e-21 	 4.54062e-23
	28 	 -9.3047e-21 	 4.39654e-23
	29 	 -9.30127e-21 	 4.25605e-23
	30 	 -9.29754e-21 	 4.12858e-23
	31 	 -9.29416e-21 	 4.00746e-23
	32 	 -9.28995e-21 	 3.90299e-23
	33 	 -9.28641e-21 	 3.79947e-23
	34 	 -9.2829e-21 	 3.70266e-23
	35 	 -9.27853e-21 	 3.62175e-23
	36 	 -9.27679e-21 	 3.52403e-23
	37 	 -9.27233e-21 	 3.4563e-23
	38 	 -9.26993e-21 	 3.37268e-23
	39 	 -9.26807e-21 	 3.29034e-23
	40 	 -9.26687e-21 	 3.20925e-23
	41 	 -9.26642e-21 	 3.13033e-23
	42 	 -9.26464e-21 	 3.06009e-23
	43 	 -9.26318e-21 	 2.99161e-23
	44 	 -9.26241e-21 	 2.92384e-23
	45 	 -9.26169e-21 	 2.85903e-23
	46 	 -9.26026e-21 	 2.79989e-23
	47 	 -9.26124e-21 	 2.74141e-23
	48 	 -9.2612e-21 	 2.6837e-23
	49 	 -9.26007e-21 	 2.63079e-23
	50 	 -9.25959e-21 	 2.57808e-23
	51 	 -9.25963e-21 	 2.52703e-23
	52 	 -9.25713e-21 	 2.49061e-23
	53 	 -9.25416e-21 	 2.46104e-23
	54 	 -9.2542e-21 	 2.41504e-23
	55 	 -9.25495e-21 	 2.37191e-23
	56 	 -9.25464e-21 	 2.32938e-23
	57 	 -9.25368e-21 	 2.29016e-23
	58 	 -9.25266e-21 	 2.25261e-23
	59 	 -9.25217e-21 	 2.21466e-23
	60 	 -9.25126e-21 	 2.1793e-23
	61 	 -9.2513e-21 	 2.14328e-23
	62 	 -9.25062e-21 	 2.10952e-23
	63 	 -9.25107e-21 	 2.07624e-23
	64 	 -9.25213e-21 	 2.04632e-23
	65 	 -9.2519e-21 	 2.01472e-23
	66 	 -9.25076e-21 	 1.98721e-23
	67 	 -9.24916e-21 	 1.96387e-23
	68 	 -9.2467e-21 	 1.95041e-23
	69 	 -9.24521e-21 	 1.92764e-23
	70 	 -9.24351e-21 	 1.90756e-23
	71 	 -9.24242e-21 	 1.88363e-23
	72 	 -9.24174e-21 	 1.85855e-23
	73 	 -9.24031e-21 	 1.83847e-23
	74 	 -9.24009e-21 	 1.81359e-23
	75 	 -9.23763e-21 	 1.80602e-23
	76 	 -9.23614e-21 	 1.78836e-23
	77 	 -9.23539e-21 	 1.76655e-23
	78 	 -9.23546e-21 	 1.74377e-23
	79 	 -9.23591e-21 	 1.72216e-23
	80 	 -9.23606e-21 	 1.70056e-23
	81 	 -9.23583e-21 	 1.67958e-23
	82 	 -9.23647e-21 	 1.66021e-23
	83 	 -9.23614e-21 	 1.64043e-23
	84 	 -9.23479e-21 	 1.6264e-23
	85 	 -9.23316e-21 	 1.61542e-23
	86 	 -9.2316e-21 	 1.6041e-23
	87 	 -9.23054e-21 	 1.58907e-23
	88 	 -9.22995e-21 	 1.57203e-23
	89 	 -9.22872e-21 	 1.55914e-23
	90 	 -9.22585e-21 	 1.56807e-23
	91 	 -9.22386e-21 	 1.56347e-23
	92 	 -9.22288e-21 	 1.54952e-23
	93 	 -9.22207e-21 	 1.5349e-23
	94 	 -9.2208e-21 	 1.5238e-23
	95 	 -9.22018e-21 	 1.50892e-23
	96 	 -9.21957e-21 	 1.49437e-23
	97 	 -9.21793e-21 	 1.48804e-23
	98 	 -9.21602e-21 	 1.48503e-23
	99 	 -9.21437e-21 	 1.47917e-23
	100 	 -9.21406e-21 	 1.46465e-23
	1 	 -8.89042e-21 	 0
	2 	 -8.73125e-21 	 1.59169e-22
	3 	 -8.65456e-21 	 1.19698e-22
	4 	 -8.61322e-21 	 9.41917e-23
	5 	 -8.61397e-21 	 7.29643e-23
	6 	 -8.64318e-21 	 6.63521e-23
	7 	 -8.67142e-21 	 6.27855e-23
	8 	 -8.6825e-21 	 5.54919e-23
	9 	 -8.68881e-21 	 4.93444e-23
	10 	 -8.70724e-21 	 4.78298e-23
	11 	 -8.70435e-21 	 4.33607e-23
	12 	 -8.70204e-21 	 3.965e-23
	13 	 -8.70854e-21 	 3.70481e-23
	14 	 -8.70309e-21 	 3.47299e-23
	15 	 -8.70026e-21 	 3.24559e-23
	16 	 -8.69583e-21 	 3.06809e-23
	17 	 -8.69603e-21 	 2.88204e-23
	18 	 -8.6904e-21 	 2.77492e-23
	19 	 -8.68617e-21 	 2.65858e-23
	20 	 -8.68964e-21 	 2.5459e-23
	21 	 -8.69262e-21 	 2.43992e-23
	22 	 -8.69472e-21 	 2.33582e-23
	23 	 -8.69515e-21 	 2.23236e-23
	24 	 -8.69829e-21 	 2.16028e-23
	25 	 -8.70291e-21 	 2.12301e-23
	26 	 -8.69847e-21 	 2.08747e-23
	27 	 -8.70354e-21 	 2.07169e-23
	28 	 -8.7072e-21 	 2.02959e-23
	29 	 -8.70933e-21 	 1.96992e-23
	30 	 -8.70811e-21 	 1.90707e-23
	31 	 -8.70772e-21 	 1.84494e-23
	32 	 -8.7081e-21 	 1.78676e-23
	33 	 -8.70801e-21 	 1.7318e-23
	34 	 -8.70549e-21 	 1.69897e-23
	35 	 -8.70059e-21 	 1.72073e-23
	36 	 -8.69898e-21 	 1.68003e-23
	37 	 -8.69723e-21 	 1.64335e-23
	38 	 -8.69873e-21 	 1.60657e-23
	39 	 -8.69639e-21 	 1.58224e-23
	40 	 -8.69592e-21 	 1.54288e-23
	41 	 -8.6914e-21 	 1.57129e-23
	42 	 -8.68528e-21 	 1.65104e-23
	43 	 -8.68102e-21 	 1.66763e-23
	44 	 -8.67604e-21 	 1.70371e-23
	45 	 -8.67529e-21 	 1.66709e-23
	46 	 -8.67601e-21 	 1.63204e-23
	47 	 -8.67458e-21 	 1.60338e-23
	48 	 -8.66928e-21 	 1.65665e-23
	49 	 -8.66732e-21 	 1.63426e-23
	50 	 -8.66603e-21 	 1.60641e-23
	51 	 -8.66698e-21 	 1.57748e-23
	52 	 -8.66654e-21 	 1.54748e-23
	53 	 -8.66368e-21 	 1.54462e-23
	54 	 -8.66398e-21 	 1.51604e-23
	55 	 -8.66355e-21 	 1.48886e-23
	56 	 -8.66526e-21 	 1.47205e-23
	57 	 -8.66531e-21 	 1.446e-23
	58 	 -8.66347e-21 	 1.43268e-23
	59 	 -8.66346e-21 	 1.40819e-23
	60 	 -8.66209e-21 	 1.39127e-23
	61 	 -8.6587e-21 	 1.4097e-23
	62 	 -8.6594e-21 	 1.38852e-23
	63 	 -8.65935e-21 	 1.36631e-23
	64 	 -8.65765e-21 	 1.35549e-23
	65 	 -8.65272e-21 	 1.42282e-23
	66 	 -8.64951e-21 	 1.43739e-23
	67 	 -8.64715e-21 	 1.43528e-23
	68 	 -8.64592e-21 	 1.41939e-23
	69 	 -8.64812e-21 	 1.41598e-23
	70 	 -8.64934e-21 	 1.40089e-23
	71 	 -8.64999e-21 	 1.38256e-23
	72 	 -8.64895e-21 	 1.36721e-23
	73 	 -8.64855e-21 	 1.34895e-23
	74 	 -8.64717e-21 	 1.3377e-23
	75 	 -8.64496e-21 	 1.33817e-23
	76 	 -8.64563e-21 	 1.32213e-23
	77 	 -8.64584e-21 	 1.30501e-23
	78 	 -8.64591e-21 	 1.2882e-23
	79 	 -8.64636e-21 	 1.27257e-23
	80 	 -8.64541e-21 	 1.26012e-23
	81 	 -8.64445e-21 	 1.24817e-23
	82 	 -8.64384e-21 	 1.23439e-23
	83 	 -8.64383e-21 	 1.21943e-23
	84 	 -8.64392e-21 	 1.20486e-23
	85 	 -8.64341e-21 	 1.19167e-23
	86 	 -8.64376e-21 	 1.17824e-23
	87 	 -8.6437e-21 	 1.16463e-23
	88 	 -8.64366e-21 	 1.15133e-23
	89 	 -8.6433e-21 	 1.13888e-23
	90 	 -8.64341e-21 	 1.12621e-23
	91 	 -8.64145e-21 	 1.13086e-23
	92 	 -8.64141e-21 	 1.11851e-23
	93 	 -8.64045e-21 	 1.11054e-23
	94 	 -8.6398e-21 	 1.1006e-23
	95 	 -8.63967e-21 	 1.08903e-23
	96 	 -8.63892e-21 	 1.08021e-23
	97 	 -8.63724e-21 	 1.08218e-23
	98 	 -8.63717e-21 	 1.0711e-23
	99 	 -8.63859e-21 	 1.06961e-23
	100 	 -8.63966e-21 	 1.0643e-23
	1 	 -8.80366e-21 	 0
	2 	 -8.69419e-21 	 1.09469e-22
	3 	 -8.66406e-21 	 7.00189e-23
	4 	 -8.61813e-21 	 6.75332e-23
	5 	 -8.56013e-21 	 7.81048e-23
	6 	 -8.55867e-21 	 6.37891e-23
	7 	 -8.57175e-21 	 5.54758e-23
	8 	 -8.56808e-21 	 4.81832e-23
	9 	 -8.56209e-21 	 4.29131e-23
	10 	 -8.56122e-21 	 3.83925e-23
	11 	 -8.55726e-21 	 3.4953e-23
	12 	 -8.56181e-21 	 3.22312e-23
	13 	 -8.56424e-21 	 2.97478e-23
	14 	 -8.55927e-21 	 2.79869e-23
	15 	 -8.55262e-21 	 2.68893e-23
	16 	 -8.54638e-21 	 2.59155e-23
	17 	 -8.54809e-21 	 2.44034e-23
	18 	 -8.53642e-21 	 2.57959e-23
	19 	 -8.52951e-21 	 2.53619e-23
	20 	 -8.53057e-21 	 2.4084e-23
	21 	 -8.52884e-21 	 2.2974e-23
	22 	 -8.52588e-21 	 2.21039e-23
	23 	 -8.52904e-21 	 2.13557e-23
	24 	 -8.52641e-21 	 2.06146e-23
	25 	 -8.52244e-21 	 2.01675e-23
	26 	 -8.52609e-21 	 1.97175e-23
	27 	 -8.52568e-21 	 1.89776e-23
	28 	 -8.52626e-21 	 1.82964e-23
	29 	 -8.52827e-21 	 1.77678e-23
	30 	 -8.5284e-21 	 1.71659e-23
	31 	 -8.52971e-21 	 1.66545e-23
	32 	 -8.53096e-21 	 1.61744e-23
	33 	 -8.52662e-21 	 1.62671e-23
	34 	 -8.51762e-21 	 1.81703e-23
	35 	 -8.51319e-21 	 1.81889e-23
	36 	 -8.51225e-21 	 1.77016e-23
	37 	 -8.51122e-21 	 1.72474e-23
	38 	 -8.51438e-21 	 1.7083e-23
	39 	 -8.51546e-21 	 1.6674e-23
	40 	 -8.51679e-21 	 1.6306e-23
	41 	 -8.51891e-21 	 1.60444e-23
	42 	 -8.51779e-21 	 1.56978e-23
	43 	 -8.51741e-21 	 1.53332e-23
	44 	 -8.5176e-21 	 1.49818e-23
	45 	 -8.51875e-21 	 1.46907e-23
	46 	 -8.519e-21 	 1.43698e-23
	47 	 -8.5203e-21 	 1.41212e-23
	48 	 -8.51723e-21 	 1.41618e-23
	49 	 -8.51626e-21 	 1.3904e-23
	50 	 -8.51755e-21 	 1.36844e-23
	51 	 -8.51623e-21 	 1.34781e-23
	52 	 -8.51259e-21 	 1.37097e-23
	53 	 -8.51262e-21 	 1.34486e-23
	54 	 -8.51021e-21 	 1.34167e-23
	55 	 -8.50857e-21 	 1.32721e-23
	56 	 -8.51226e-21 	 1.35458e-23
	57 	 -8.51277e-21 	 1.3316e-23
	58 	 -8.51169e-21 	 1.31291e-23
	59 	 -8.5098e-21 	 1.30432e-23
	60 	 -8.5115e-21 	 1.29363e-23
	61 	 -8.50834e-21 	 1.31087e-23
	62 	 -8.50575e-21 	 1.31531e-23
	63 	 -8.50513e-21 	 1.29573e-23
	64 	 -8.50705e-21 	 1.28973e-23
	65 	 -8.50955e-21 	 1.29406e-23
	66 	 -8.51215e-21 	 1.30061e-23
	67 	 -8.51366e-21 	 1.28982e-23
	68 	 -8.51192e-21 	 1.28256e-23
	69 	 -8.51222e-21 	 1.26421e-23
	70 	 -8.51293e-21 	 1.24801e-23
	71 	 -8.51259e-21 	 1.23077e-23
	72 	 -8.51228e-21 	 1.21394e-23
	73 	 -8.51123e-21 	 1.20188e-23
	74 	 -8.51133e-21 	 1.18557e-23
	75 	 -8.51197e-21 	 1.17144e-23
	76 	 -8.51259e-21 	 1.15757e-23
	77 	 -8.51081e-21 	 1.15629e-23
	78 	 -8.51016e-21 	 1.14319e-23
	79 	 -8.50937e-21 	 1.13139e-23
	80 	 -8.50858e-21 	 1.11994e-23
	81 	 -8.50697e-21 	 1.11778e-23
	82 	 -8.50893e-21 	 1.12138e-23
	83 	 -8.51078e-21 	 1.12312e-23
	84 	 -8.51067e-21 	 1.10973e-23
	85 	 -8.5121e-21 	 1.10592e-23
	86 	 -8.51316e-21 	 1.09811e-23
	87 	 -8.51271e-21 	 1.08636e-23
	88 	 -8.51371e-21 	 1.07862e-23
	89 	 -8.51227e-21 	 1.0761e-23
	90 	 -8.51158e-21 	 1.06632e-23
	91 	 -8.50952e-21 	 1.07448e-23
	92 	 -8.50733e-21 	 1.08511e-23
	93 	 -8.50602e-21 	 1.08127e-23
	94 	 -8.50609e-21 	 1.06972e-23
	95 	 -8.5073e-21 	 1.06533e-23
	96 	 -8.50919e-21 	 1.07103e-23
	97 	 -8.50983e-21 	 1.06188e-23
	98 	 -8.51045e-21 	 1.05278e-23
	99 	 -8.51124e-21 	 1.04508e-23
	100 	 -8.51118e-21 	 1.0346e-23
	1 	 -8.38089e-21 	 0
	2 	 -8.43221e-21 	 5.13135e-23
	3 	 -8.39397e-21 	 4.83719e-23
	4 	 -8.38644e-21 	 3.50217e-23
	5 	 -8.38652e-21 	 2.71278e-23
	6 	 -8.40189e-21 	 2.69639e-23
	7 	 -8.40562e-21 	 2.30916e-23
	8 	 -8.37969e-21 	 3.27479e-23
	9 	 -8.37092e-21 	 3.01841e-23
	10 	 -8.36945e-21 	 2.70373e-23
	11 	 -8.36397e-21 	 2.50623e-23
	12 	 -8.3528e-21 	 2.54599e-23
	13 	 -8.33757e-21 	 2.79365e-23
	14 	 -8.34215e-21 	 2.62667e-23
	15 	 -8.34196e-21 	 2.44537e-23
	16 	 -8.34304e-21 	 2.29e-23
	17 	 -8.33904e-21 	 2.18798e-23
	18 	 -8.34275e-21 	 2.09586e-23
	19 	 -8.35005e-21 	 2.11255e-23
	20 	 -8.35131e-21 	 2.0081e-23
	21 	 -8.35304e-21 	 1.91798e-23
	22 	 -8.3534e-21 	 1.82906e-23
	23 	 -8.35327e-21 	 1.74777e-23
	24 	 -8.35488e-21 	 1.68105e-23
	25 	 -8.357e-21 	 1.62637e-23
	26 	 -8.35774e-21 	 1.5643e-23
	27 	 -8.3509e-21 	 1.65327e-23
	28 	 -8.3537e-21 	 1.61758e-23
	29 	 -8.35209e-21 	 1.56915e-23
	30 	 -8.34798e-21 	 1.57049e-23
	31 	 -8.34769e-21 	 1.51927e-23
	32 	 -8.34429e-21 	 1.50987e-23
	33 	 -8.34077e-21 	 1.50495e-23
	34 	 -8.33809e-21 	 1.48441e-23
	35 	 -8.33666e-21 	 1.44847e-23
	36 	 -8.33834e-21 	 1.41764e-23
	37 	 -8.34272e-21 	 1.44665e-23
	38 	 -8.34395e-21 	 1.4134e-23
	39 	 -8.34901e-21 	 1.46694e-23
	40 	 -8.35364e-21 	 1.50284e-23
	41 	 -8.35664e-21 	 1.4961e-23
	42 	 -8.36139e-21 	 1.5354e-23
	43 	 -8.36211e-21 	 1.50099e-23
	44 	 -8.36282e-21 	 1.46819e-23
	45 	 -8.36303e-21 	 1.43535e-23
	46 	 -8.362e-21 	 1.4076e-23
	47 	 -8.35993e-21 	 1.39281e-23
	48 	 -8.35924e-21 	 1.36525e-23
	49 	 -8.36027e-21 	 1.3411e-23
	50 	 -8.36336e-21 	 1.3498e-23
	51 	 -8.36551e-21 	 1.34039e-23
	52 	 -8.36842e-21 	 1.34617e-23
	53 	 -8.36717e-21 	 1.3264e-23
	54 	 -8.36811e-21 	 1.30503e-23
	55 	 -8.37049e-21 	 1.30284e-23
	56 	 -8.36987e-21 	 1.28085e-23
	57 	 -8.36916e-21 	 1.26015e-23
	58 	 -8.36904e-21 	 1.23829e-23
	59 	 -8.36963e-21 	 1.21854e-23
	60 	 -8.37027e-21 	 1.19973e-23
	61 	 -8.37048e-21 	 1.18009e-23
	62 	 -8.37236e-21 	 1.17606e-23
	63 	 -8.37282e-21 	 1.15816e-23
	64 	 -8.37274e-21 	 1.13995e-23
	65 	 -8.37122e-21 	 1.13249e-23
	66 	 -8.36606e-21 	 1.2286e-23
	67 	 -8.3668e-21 	 1.21239e-23
	68 	 -8.37139e-21 	 1.27946e-23
	69 	 -8.37671e-21 	 1.36857e-23
	70 	 -8.37795e-21 	 1.35448e-23
	71 	 -8.37609e-21 	 1.34815e-23
	72 	 -8.37438e-21 	 1.34015e-23
	73 	 -8.37219e-21 	 1.33974e-23
	74 	 -8.37201e-21 	 1.32164e-23
	75 	 -8.37097e-21 	 1.30801e-23
	76 	 -8.37102e-21 	 1.29069e-23
	77 	 -8.37334e-21 	 1.29484e-23
	78 	 -8.37451e-21 	 1.28345e-23
	79 	 -8.37664e-21 	 1.28494e-23
	80 	 -8.3793e-21 	 1.29625e-23
	81 	 -8.37934e-21 	 1.28015e-23
	82 	 -8.38085e-21 	 1.27349e-23
	83 	 -8.38191e-21 	 1.2625e-23
	84 	 -8.38116e-21 	 1.24966e-23
	85 	 -8.38048e-21 	 1.23674e-23
	86 	 -8.37945e-21 	 1.22655e-23
	87 	 -8.37734e-21 	 1.23068e-23
	88 	 -8.37565e-21 	 1.22827e-23
	89 	 -8.37614e-21 	 1.21537e-23
	90 	 -8.37477e-21 	 1.20953e-23
	91 	 -8.37375e-21 	 1.20049e-23
	92 	 -8.37345e-21 	 1.18776e-23
	93 	 -8.37352e-21 	 1.17494e-23
	94 	 -8.37264e-21 	 1.16565e-23
	95 	 -8.37261e-21 	 1.15332e-23
	96 	 -8.37083e-21 	 1.15511e-23
	97 	 -8.37023e-21 	 1.14473e-23
	98 	 -8.37183e-21 	 1.14434e-23
	99 	 -8.37205e-21 	 1.13294e-23
	100 	 -8.37028e-21 	 1.13548e-23
	1 	 -8.39924e-21 	 0
	2 	 -8.3791e-21 	 2.01398e-23
	3 	 -8.35802e-21 	 2.40769e-23
	4 	 -8.36356e-21 	 1.79038e-23
	5 	 -8.36681e-21 	 1.42446e-23
	6 	 -8.37217e-21 	 1.28044e-23
	7 	 -8.3788e-21 	 1.26919e-23
	8 	 -8.35683e-21 	 2.45633e-23
	9 	 -8.3583e-21 	 2.17124e-23
	10 	 -8.35372e-21 	 1.99537e-23
	11 	 -8.34757e-21 	 1.90649e-23
	12 	 -8.35299e-21 	 1.82263e-23
	13 	 -8.3574e-21 	 1.73363e-23
	14 	 -8.3535e-21 	 1.65164e-23
	15 	 -8.35271e-21 	 1.53966e-23
	16 	 -8.34668e-21 	 1.56104e-23
	17 	 -8.35749e-21 	 1.82141e-23
	18 	 -8.35829e-21 	 1.7191e-23
	19 	 -8.34629e-21 	 2.021e-23
	20 	 -8.33706e-21 	 2.12776e-23
	21 	 -8.32651e-21 	 2.28256e-23
	22 	 -8.3264e-21 	 2.17636e-23
	23 	 -8.33074e-21 	 2.1243e-23
	24 	 -8.33068e-21 	 2.03387e-23
	25 	 -8.33289e-21 	 1.96328e-23
	26 	 -8.33434e-21 	 1.89186e-23
	27 	 -8.34109e-21 	 1.94158e-23
	28 	 -8.3443e-21 	 1.89834e-23
	29 	 -8.34702e-21 	 1.85172e-23
	30 	 -8.34855e-21 	 1.79549e-23
	31 	 -8.34801e-21 	 1.73747e-23
	32 	 -8.34729e-21 	 1.68383e-23
	33 	 -8.35171e-21 	 1.69081e-23
	34 	 -8.34843e-21 	 1.67271e-23
	35 	 -8.34357e-21 	 1.69544e-23
	36 	 -8.342e-21 	 1.6551e-23
	37 	 -8.33822e-21 	 1.65367e-23
	38 	 -8.33559e-21 	 1.63088e-23
	39 	 -8.33756e-21 	 1.60075e-23
	40 	 -8.33385e-21 	 1.60373e-23
	41 	 -8.3338e-21 	 1.56413e-23
	42 	 -8.33483e-21 	 1.52987e-23
	43 	 -8.33452e-21 	 1.49418e-23
	44 	 -8.33385e-21 	 1.46139e-23
	45 	 -8.33289e-21 	 1.43179e-23
	46 	 -8.335e-21 	 1.41616e-23
	47 	 -8.33821e-21 	 1.42249e-23
	48 	 -8.3372e-21 	 1.39623e-23
	49 	 -8.33151e-21 	 1.48092e-23
	50 	 -8.33037e-21 	 1.45554e-23
	51 	 -8.33219e-21 	 1.43833e-23
	52 	 -8.33432e-21 	 1.42636e-23
	53 	 -8.33466e-21 	 1.39961e-23
	54 	 -8.33513e-21 	 1.37424e-23
	55 	 -8.33442e-21 	 1.35089e-23
	56 	 -8.33477e-21 	 1.327e-23
	57 	 -8.33345e-21 	 1.3101e-23
	58 	 -8.33224e-21 	 1.29307e-23
	59 	 -8.32918e-21 	 1.30712e-23
	60 	 -8.32772e-21 	 1.29341e-23
	61 	 -8.3278e-21 	 1.27206e-23
	62 	 -8.32586e-21 	 1.26637e-23
	63 	 -8.32233e-21 	 1.29515e-23
	64 	 -8.32246e-21 	 1.27482e-23
	65 	 -8.32356e-21 	 1.25991e-23
	66 	 -8.32335e-21 	 1.24085e-23
	67 	 -8.32101e-21 	 1.24436e-23
	68 	 -8.31592e-21 	 1.32774e-23
	69 	 -8.31612e-21 	 1.30851e-23
	70 	 -8.31543e-21 	 1.29149e-23
	71 	 -8.31548e-21 	 1.27318e-23
	72 	 -8.31555e-21 	 1.2554e-23
	73 	 -8.31496e-21 	 1.23949e-23
	74 	 -8.31502e-21 	 1.22263e-23
	75 	 -8.31576e-21 	 1.20851e-23
	76 	 -8.31299e-21 	 1.22433e-23
	77 	 -8.31088e-21 	 1.22661e-23
	78 	 -8.30973e-21 	 1.21622e-23
	79 	 -8.30756e-21 	 1.22023e-23
	80 	 -8.30848e-21 	 1.20838e-23
	81 	 -8.30927e-21 	 1.19604e-23
	82 	 -8.30962e-21 	 1.18187e-23
	83 	 -8.3091e-21 	 1.16869e-23
	84 	 -8.30508e-21 	 1.22279e-23
	85 	 -8.30289e-21 	 1.2281e-23
	86 	 -8.30312e-21 	 1.21397e-23
	87 	 -8.30468e-21 	 1.20998e-23
	88 	 -8.30573e-21 	 1.20076e-23
	89 	 -8.30582e-21 	 1.18722e-23
	90 	 -8.30553e-21 	 1.17431e-23
	91 	 -8.30377e-21 	 1.17453e-23
	92 	 -8.30258e-21 	 1.16778e-23
	93 	 -8.30351e-21 	 1.15887e-23
	94 	 -8.30298e-21 	 1.1477e-23
	95 	 -8.3021e-21 	 1.13898e-23
	96 	 -8.30147e-21 	 1.12878e-23
	97 	 -8.30217e-21 	 1.11925e-23
	98 	 -8.30174e-21 	 1.10859e-23
	99 	 -8.3017e-21 	 1.09735e-23
	100 	 -8.3032e-21 	 1.09665e-23
	1 	 -8.30656e-21 	 0
	2 	 -8.3227e-21 	 1.61353e-23
	3 	 -8.3702e-21 	 4.84022e-23
	4 	 -8.40431e-21 	 4.83259e-23
	5 	 -8.43496e-21 	 4.83773e-23
	6 	 -8.46093e-21 	 4.72724e-23
	7 	 -8.45869e-21 	 4.00153e-23
	8 	 -8.43636e-21 	 4.12261e-23
	9 	 -8.41111e-21 	 4.42638e-23
	10 	 -8.40486e-21 	 4.00809e-23
	11 	 -8.40941e-21 	 3.65394e-23
	12 	 -8.39101e-21 	 3.80975e-23
	13 	 -8.38407e-21 	 3.57252e-23
	14 	 -8.38697e-21 	 3.3202e-23
	15 	 -8.38625e-21 	 3.09176e-23
	16 	 -8.37843e-21 	 2.99606e-23
	17 	 -8.38038e-21 	 2.82104e-23
	18 	 -8.38398e-21 	 2.68394e-23
	19 	 -8.37781e-21 	 2.61246e-23
	20 	 -8.37743e-21 	 2.47869e-23
	21 	 -8.3711e-21 	 2.44135e-23
	22 	 -8.37563e-21 	 2.3715e-23
	23 	 -8.37676e-21 	 2.26888e-23
	24 	 -8.36781e-21 	 2.34956e-23
	25 	 -8.36091e-21 	 2.35696e-23
	26 	 -8.36113e-21 	 2.2646e-23
	27 	 -8.36431e-21 	 2.20215e-23
	28 	 -8.35715e-21 	 2.23967e-23
	29 	 -8.35276e-21 	 2.20521e-23
	30 	 -8.35594e-21 	 2.15414e-23
	31 	 -8.35775e-21 	 2.09134e-23
	32 	 -8.35796e-21 	 2.02504e-23
	33 	 -8.35866e-21 	 1.96396e-23
	34 	 -8.35986e-21 	 1.90907e-23
	35 	 -8.35898e-21 	 1.85583e-23
	36 	 -8.36033e-21 	 1.8086e-23
	37 	 -8.3608e-21 	 1.75968e-23
	38 	 -8.36167e-21 	 1.71495e-23
	39 	 -8.36301e-21 	 1.67576e-23
	40 	 -8.36376e-21 	 1.63503e-23
	41 	 -8.36397e-21 	 1.5948e-23
	42 	 -8.36311e-21 	 1.55874e-23
	43 	 -8.36461e-21 	 1.52947e-23
	44 	 -8.36723e-21 	 1.51705e-23
	45 	 -8.36957e-21 	 1.50126e-23
	46 	 -8.37096e-21 	 1.4749e-23
	47 	 -8.37023e-21 	 1.44502e-23
	48 	 -8.36911e-21 	 1.41907e-23
	49 	 -8.37068e-21 	 1.39862e-23
	50 	 -8.37326e-21 	 1.39456e-23
	51 	 -8.37294e-21 	 1.36732e-23
	52 	 -8.37084e-21 	 1.35714e-23
	53 	 -8.36788e-21 	 1.36377e-23
	54 	 -8.36523e-21 	 1.36431e-23
	55 	 -8.36328e-21 	 1.3534e-23
	56 	 -8.36083e-21 	 1.35132e-23
	57 	 -8.35745e-21 	 1.3699e-23
	58 	 -8.35788e-21 	 1.34676e-23
	59 	 -8.35904e-21 	 1.32884e-23
	60 	 -8.36194e-21 	 1.33834e-23
	61 	 -8.36107e-21 	 1.31909e-23
	62 	 -8.36074e-21 	 1.29807e-23
	63 	 -8.36269e-21 	 1.2921e-23
	64 	 -8.36068e-21 	 1.28758e-23
	65 	 -8.364e-21 	 1.31037e-23
	66 	 -8.36214e-21 	 1.30372e-23
	67 	 -8.35793e-21 	 1.35118e-23
	68 	 -8.35664e-21 	 1.33738e-23
	69 	 -8.35651e-21 	 1.31792e-23
	70 	 -8.35818e-21 	 1.30954e-23
	71 	 -8.3571e-21 	 1.29544e-23
	72 	 -8.35895e-21 	 1.29062e-23
	73 	 -8.35971e-21 	 1.27508e-23
	74 	 -8.35905e-21 	 1.25945e-23
	75 	 -8.35934e-21 	 1.24288e-23
	76 	 -8.35969e-21 	 1.22691e-23
	77 	 -8.36015e-21 	 1.21176e-23
	78 	 -8.36213e-21 	 1.21249e-23
	79 	 -8.36286e-21 	 1.19922e-23
	80 	 -8.3618e-21 	 1.18883e-23
	81 	 -8.36176e-21 	 1.17407e-23
	82 	 -8.3603e-21 	 1.16887e-23
	83 	 -8.36103e-21 	 1.15703e-23
	84 	 -8.36314e-21 	 1.16238e-23
	85 	 -8.3638e-21 	 1.15055e-23
	86 	 -8.36551e-21 	 1.14989e-23
	87 	 -8.36569e-21 	 1.13673e-23
	88 	 -8.36492e-21 	 1.12632e-23
	89 	 -8.36473e-21 	 1.11376e-23
	90 	 -8.3631e-21 	 1.11332e-23
	91 	 -8.36283e-21 	 1.10136e-23
	92 	 -8.36285e-21 	 1.08933e-23
	93 	 -8.36146e-21 	 1.08648e-23
	94 	 -8.36006e-21 	 1.08406e-23
	95 	 -8.36031e-21 	 1.07288e-23
	96 	 -8.36142e-21 	 1.06746e-23
	97 	 -8.36194e-21 	 1.05768e-23
	98 	 -8.36085e-21 	 1.05244e-23
	99 	 -8.35972e-21 	 1.04788e-23
	100 	 -8.36102e-21 	 1.04539e-23
	1 	 -8.41274e-21 	 0
	2 	 -8.42257e-21 	 9.8331e-24
	3 	 -8.39227e-21 	 3.08293e-23
	4 	 -8.41784e-21 	 3.36037e-23
	5 	 -8.41089e-21 	 2.6943e-23
	6 	 -8.35639e-21 	 5.87654e-23
	7 	 -8.32967e-21 	 5.63965e-23
	8 	 -8.32549e-21 	 4.90195e-23
	9 	 -8.33463e-21 	 4.41871e-23
	10 	 -8.33857e-21 	 3.97177e-23
	11 	 -8.3467e-21 	 3.68348e-23
	12 	 -8.34519e-21 	 3.36593e-23
	13 	 -8.35636e-21 	 3.29146e-23
	14 	 -8.36162e-21 	 3.09233e-23
	15 	 -8.35224e-21 	 3.02779e-23
	16 	 -8.3529e-21 	 2.83301e-23
	17 	 -8.3615e-21 	 2.7968e-23
	18 	 -8.37191e-21 	 2.83499e-23
	19 	 -8.37379e-21 	 2.68822e-23
	20 	 -8.37536e-21 	 2.5551e-23
	21 	 -8.38406e-21 	 2.58133e-23
	22 	 -8.38087e-21 	 2.48176e-23
	23 	 -8.38476e-21 	 2.40303e-23
	24 	 -8.38958e-21 	 2.35069e-23
	25 	 -8.39157e-21 	 2.26345e-23
	26 	 -8.39057e-21 	 2.17696e-23
	27 	 -8.39235e-21 	 2.1024e-23
	28 	 -8.39031e-21 	 2.0362e-23
	29 	 -8.3982e-21 	 2.11703e-23
	30 	 -8.40311e-21 	 2.10339e-23
	31 	 -8.40514e-21 	 2.04457e-23
	32 	 -8.40185e-21 	 2.00691e-23
	33 	 -8.40159e-21 	 1.94532e-23
	34 	 -8.40093e-21 	 1.8884e-23
	35 	 -8.39735e-21 	 1.86818e-23
	36 	 -8.3959e-21 	 1.82133e-23
	37 	 -8.39642e-21 	 1.77218e-23
	38 	 -8.39594e-21 	 1.72556e-23
	39 	 -8.39441e-21 	 1.68774e-23
	40 	 -8.39443e-21 	 1.64501e-23
	41 	 -8.39214e-21 	 1.6206e-23
	42 	 -8.3942e-21 	 1.59486e-23
	43 	 -8.39348e-21 	 1.55896e-23
	44 	 -8.39626e-21 	 1.54822e-23
	45 	 -8.39788e-21 	 1.52203e-23
	46 	 -8.39671e-21 	 1.49314e-23
	47 	 -8.39422e-21 	 1.48217e-23
	48 	 -8.39362e-21 	 1.4522e-23
	49 	 -8.39333e-21 	 1.42254e-23
	50 	 -8.39581e-21 	 1.41566e-23
	51 	 -8.39563e-21 	 1.38774e-23
	52 	 -8.39606e-21 	 1.36147e-23
	53 	 -8.39474e-21 	 1.34208e-23
	54 	 -8.39305e-21 	 1.32771e-23
	55 	 -8.39436e-21 	 1.30989e-23
	56 	 -8.3943e-21 	 1.2863e-23
	57 	 -8.39483e-21 	 1.26463e-23
	58 	 -8.39607e-21 	 1.24885e-23
	59 	 -8.39515e-21 	 1.231e-23
	60 	 -8.39596e-21 	 1.21302e-23
	61 	 -8.39648e-21 	 1.19411e-23
	62 	 -8.39532e-21 	 1.18044e-23
	63 	 -8.39399e-21 	 1.16905e-23
	64 	 -8.39322e-21 	 1.15326e-23
	65 	 -8.39342e-21 	 1.13555e-23
	66 	 -8.39353e-21 	 1.11827e-23
	67 	 -8.39235e-21 	 1.10771e-23
	68 	 -8.39148e-21 	 1.09477e-23
	69 	 -8.39066e-21 	 1.08195e-23
	70 	 -8.39215e-21 	 1.07677e-23
	71 	 -8.39252e-21 	 1.06214e-23
	72 	 -8.39413e-21 	 1.05965e-23
	73 	 -8.39391e-21 	 1.04527e-23
	74 	 -8.3932e-21 	 1.03349e-23
	75 	 -8.39327e-21 	 1.01965e-23
	76 	 -8.39313e-21 	 1.00624e-23
	77 	 -8.39121e-21 	 1.01145e-23
	78 	 -8.39018e-21 	 1.00369e-23
	79 	 -8.38908e-21 	 9.96987e-24
	80 	 -8.38921e-21 	 9.84531e-24
	81 	 -8.38943e-21 	 9.72553e-24
	82 	 -8.38805e-21 	 9.70445e-24
	83 	 -8.38645e-21 	 9.72002e-24
	84 	 -8.38653e-21 	 9.60393e-24
	85 	 -8.38875e-21 	 9.7466e-24
	86 	 -8.38814e-21 	 9.65211e-24
	87 	 -8.38943e-21 	 9.62825e-24
	88 	 -8.39006e-21 	 9.53896e-24
	89 	 -8.39125e-21 	 9.50626e-24
	90 	 -8.39192e-21 	 9.4238e-24
	91 	 -8.3897e-21 	 9.58052e-24
	92 	 -8.39064e-21 	 9.52212e-24
	93 	 -8.3915e-21 	 9.45829e-24
	94 	 -8.39053e-21 	 9.40742e-24
	95 	 -8.39203e-21 	 9.42784e-24
	96 	 -8.3926e-21 	 9.34689e-24
	97 	 -8.39634e-21 	 9.97708e-24
	98 	 -8.39841e-21 	 1.00892e-23
	99 	 -8.39987e-21 	 1.00926e-23
	100 	 -8.40008e-21 	 9.99341e-24
	1 	 -8.22337e-21 	 0
	2 	 -8.28606e-21 	 6.26844e-23
	3 	 -8.34182e-21 	 6.6474e-23
	4 	 -8.3383e-21 	 4.71358e-23
	5 	 -8.33702e-21 	 3.65336e-23
	6 	 -8.33052e-21 	 3.05292e-23
	7 	 -8.33374e-21 	 2.60024e-23
	8 	 -8.31384e-21 	 3.00552e-23
	9 	 -8.29559e-21 	 3.21807e-23
	10 	 -8.28736e-21 	 2.9936e-23
	11 	 -8.28106e-21 	 2.7803e-23
	12 	 -8.28493e-21 	 2.56747e-23
	13 	 -8.27235e-21 	 2.67602e-23
	14 	 -8.26429e-21 	 2.60543e-23
	15 	 -8.26747e-21 	 2.44633e-23
	16 	 -8.27319e-21 	 2.35878e-23
	17 	 -8.29334e-21 	 2.9951e-23
	18 	 -8.30032e-21 	 2.90866e-23
	19 	 -8.29766e-21 	 2.76408e-23
	20 	 -8.30448e-21 	 2.70935e-23
	21 	 -8.30306e-21 	 2.58101e-23
	22 	 -8.301e-21 	 2.46952e-23
	23 	 -8.29944e-21 	 2.36482e-23
	24 	 -8.29352e-21 	 2.34043e-23
	25 	 -8.29712e-21 	 2.27359e-23
	26 	 -8.29438e-21 	 2.20157e-23
	27 	 -8.28546e-21 	 2.29854e-23
	28 	 -8.27979e-21 	 2.28625e-23
	29 	 -8.27468e-21 	 2.26441e-23
	30 	 -8.27604e-21 	 2.19184e-23
	31 	 -8.27353e-21 	 2.13477e-23
	32 	 -8.27501e-21 	 2.07226e-23
	33 	 -8.27475e-21 	 2.00865e-23
	34 	 -8.27816e-21 	 1.97835e-23
	35 	 -8.28068e-21 	 1.93739e-23
	36 	 -8.27573e-21 	 1.94679e-23
	37 	 -8.27685e-21 	 1.89677e-23
	38 	 -8.2787e-21 	 1.85545e-23
	39 	 -8.28043e-21 	 1.81552e-23
	40 	 -8.27952e-21 	 1.7719e-23
	41 	 -8.28515e-21 	 1.81752e-23
	42 	 -8.28743e-21 	 1.78827e-23
	43 	 -8.2928e-21 	 1.82696e-23
	44 	 -8.29657e-21 	 1.82439e-23
	45 	 -8.29411e-21 	 1.80034e-23
	46 	 -8.29112e-21 	 1.78596e-23
	47 	 -8.29004e-21 	 1.75089e-23
	48 	 -8.29089e-21 	 1.71617e-23
	49 	 -8.29143e-21 	 1.68163e-23
	50 	 -8.29343e-21 	 1.6598e-23
	51 	 -8.29671e-21 	 1.65953e-23
	52 	 -8.2963e-21 	 1.62783e-23
	53 	 -8.29792e-21 	 1.60502e-23
	54 	 -8.29943e-21 	 1.58224e-23
	55 	 -8.29857e-21 	 1.55556e-23
	56 	 -8.29872e-21 	 1.5276e-23
	57 	 -8.29637e-21 	 1.51879e-23
	58 	 -8.29351e-21 	 1.51954e-23
	59 	 -8.29099e-21 	 1.51471e-23
	60 	 -8.29677e-21 	 1.59746e-23
	61 	 -8.29728e-21 	 1.57191e-23
	62 	 -8.3011e-21 	 1.59282e-23
	63 	 -8.30052e-21 	 1.5684e-23
	64 	 -8.30324e-21 	 1.5674e-23
	65 	 -8.30346e-21 	 1.54326e-23
	66 	 -8.30289e-21 	 1.52076e-23
	67 	 -8.30445e-21 	 1.506e-23
	68 	 -8.3066e-21 	 1.49916e-23
	69 	 -8.30798e-21 	 1.48371e-23
	70 	 -8.31049e-21 	 1.48362e-23
	71 	 -8.30789e-21 	 1.48543e-23
	72 	 -8.30587e-21 	 1.47845e-23
	73 	 -8.30619e-21 	 1.4584e-23
	74 	 -8.30689e-21 	 1.44025e-23
	75 	 -8.30858e-21 	 1.43091e-23
	76 	 -8.31072e-21 	 1.42815e-23
	77 	 -8.31227e-21 	 1.41796e-23
	78 	 -8.31304e-21 	 1.40176e-23
	79 	 -8.31696e-21 	 1.43832e-23
	80 	 -8.31862e-21 	 1.42994e-23
	81 	 -8.31761e-21 	 1.41577e-23
	82 	 -8.31879e-21 	 1.40331e-23
	83 	 -8.31872e-21 	 1.38632e-23
	84 	 -8.31717e-21 	 1.37835e-23
	85 	 -8.31704e-21 	 1.36211e-23
	86 	 -8.31519e-21 	 1.35886e-23
	87 	 -8.31527e-21 	 1.34318e-23
	88 	 -8.31547e-21 	 1.32797e-23
	89 	 -8.31633e-21 	 1.3158e-23
	90 	 -8.31653e-21 	 1.30126e-23
	91 	 -8.31637e-21 	 1.28698e-23
	92 	 -8.31538e-21 	 1.27676e-23
	93 	 -8.31304e-21 	 1.28444e-23
	94 	 -8.31306e-21 	 1.2707e-23
	95 	 -8.31324e-21 	 1.25739e-23
	96 	 -8.31429e-21 	 1.24862e-23
	97 	 -8.31261e-21 	 1.24711e-23
	98 	 -8.31069e-21 	 1.2492e-23
	99 	 -8.31011e-21 	 1.23787e-23
	100 	 -8.30961e-21 	 1.22645e-23
	1 	 -8.37248e-21 	 0
	2 	 -8.36221e-21 	 1.02736e-23
	3 	 -8.35695e-21 	 7.92846e-24
	4 	 -8.35752e-21 	 5.63573e-24
	5 	 -8.35702e-21 	 4.39442e-24
	6 	 -8.34458e-21 	 1.29423e-23
	7 	 -8.34079e-21 	 1.15773e-23
	8 	 -8.34109e-21 	 1.00308e-23
	9 	 -8.34261e-21 	 8.97564e-24
	10 	 -8.34401e-21 	 8.14894e-24
	11 	 -8.34152e-21 	 7.77778e-24
	12 	 -8.34247e-21 	 7.16308e-24
	13 	 -8.34302e-21 	 6.61218e-24
	14 	 -8.34344e-21 	 6.13585e-24
	15 	 -8.3479e-21 	 7.24711e-24
	16 	 -8.34757e-21 	 6.78719e-24
	17 	 -8.3456e-21 	 6.67213e-24
	18 	 -8.34773e-21 	 6.64181e-24
	19 	 -8.34563e-21 	 6.62537e-24
	20 	 -8.34252e-21 	 7.01335e-24
	21 	 -8.343e-21 	 6.68871e-24
	22 	 -8.34312e-21 	 6.3785e-24
	23 	 -8.34259e-21 	 6.11817e-24
	24 	 -8.34129e-21 	 5.99946e-24
	25 	 -8.34465e-21 	 6.66245e-24
	26 	 -8.34199e-21 	 6.93252e-24
	27 	 -8.34292e-21 	 6.73585e-24
	28 	 -8.34373e-21 	 6.54071e-24
	29 	 -8.34333e-21 	 6.32358e-24
	30 	 -8.34304e-21 	 6.11581e-24
	31 	 -8.34532e-21 	 6.33851e-24
	32 	 -8.34415e-21 	 6.24877e-24
	33 	 -8.34059e-21 	 7.02296e-24
	34 	 -8.33873e-21 	 7.06355e-24
	35 	 -8.33985e-21 	 6.95037e-24
	36 	 -8.34207e-21 	 7.10821e-24
	37 	 -8.34231e-21 	 6.91758e-24
	38 	 -8.34155e-21 	 6.77534e-24
	39 	 -8.34261e-21 	 6.68448e-24
	40 	 -8.34162e-21 	 6.59014e-24
	41 	 -8.34039e-21 	 6.54457e-24
	42 	 -8.34031e-21 	 6.38733e-24
	43 	 -8.34099e-21 	 6.27367e-24
	44 	 -8.33986e-21 	 6.23326e-24
	45 	 -8.34042e-21 	 6.11919e-24
	46 	 -8.34049e-21 	 5.98516e-24
	47 	 -8.33893e-21 	 6.06201e-24
	48 	 -8.34015e-21 	 6.05887e-24
	49 	 -8.34013e-21 	 5.93397e-24
	50 	 -8.33958e-21 	 5.83994e-24
	51 	 -8.33933e-21 	 5.73e-24
	52 	 -8.33981e-21 	 5.63964e-24
	53 	 -8.3383e-21 	 5.73522e-24
	54 	 -8.33776e-21 	 5.65359e-24
	55 	 -8.33835e-21 	 5.58068e-24
	56 	 -8.3385e-21 	 5.48231e-24
	57 	 -8.33805e-21 	 5.40393e-24
	58 	 -8.338e-21 	 5.3102e-24
	59 	 -8.3371e-21 	 5.29718e-24
	60 	 -8.33773e-21 	 5.24596e-24
	61 	 -8.33725e-21 	 5.18092e-24
	62 	 -8.33644e-21 	 5.16138e-24
	63 	 -8.33643e-21 	 5.07881e-24
	64 	 -8.33607e-21 	 5.01141e-24
	65 	 -8.33541e-21 	 4.97813e-24
	66 	 -8.33445e-21 	 4.99414e-24
	67 	 -8.33388e-21 	 4.9518e-24
	68 	 -8.33468e-21 	 4.9431e-24
	69 	 -8.33505e-21 	 4.88468e-24
	70 	 -8.33522e-21 	 4.81747e-24
	71 	 -8.33443e-21 	 4.81469e-24
	72 	 -8.33456e-21 	 4.7493e-24
	73 	 -8.33463e-21 	 4.68425e-24
	74 	 -8.33491e-21 	 4.62887e-24
	75 	 -8.33499e-21 	 4.56757e-24
	76 	 -8.33582e-21 	 4.58139e-24
	77 	 -8.33542e-21 	 4.53868e-24
	78 	 -8.33527e-21 	 4.48285e-24
	79 	 -8.33639e-21 	 4.56596e-24
	80 	 -8.33752e-21 	 4.64912e-24
	81 	 -8.33703e-21 	 4.61731e-24
	82 	 -8.33626e-21 	 4.62568e-24
	83 	 -8.33534e-21 	 4.66064e-24
	84 	 -8.33475e-21 	 4.64267e-24
	85 	 -8.33402e-21 	 4.64542e-24
	86 	 -8.3346e-21 	 4.62755e-24
	87 	 -8.33412e-21 	 4.59918e-24
	88 	 -8.33375e-21 	 4.56172e-24
	89 	 -8.33244e-21 	 4.6977e-24
	90 	 -8.3325e-21 	 4.64562e-24
	91 	 -8.3329e-21 	 4.61159e-24
	92 	 -8.33304e-21 	 4.5634e-24
	93 	 -8.33216e-21 	 4.5985e-24
	94 	 -8.33248e-21 	 4.56006e-24
	95 	 -8.33247e-21 	 4.51181e-24
	96 	 -8.3327e-21 	 4.47017e-24
	97 	 -8.33328e-21 	 4.46181e-24
	98 	 -8.33297e-21 	 4.4268e-24
	99 	 -8.33237e-21 	 4.42196e-24
	100 	 -8.33247e-21 	 4.37862e-24
