0           0           0
0.0230664           0           0
0.0461329           0           0
0.0691993           0           0
0.0922657           0           0
0.115332           0           0
0.138399           0           0
0.161465           0           0
0.184531           0           0
0.207598           0           0
0.230664           0           0
0.253731           0           0
0.276797           0           0
0.299864           0           0
0.32293           0           0
0.345996           0           0
0.369063           0           0
0.392129           0           0
0.415196           0           0
0.438262           0           0
0.461329           0           0
0.484395           0           0
0.507461           0           0
0.530528           0           0
0.553594           0           0
0.576661           0           0
0.599727           0           0
0.622794           0           0
0.64586           0           0
0.668926           0           0
0.691993           0           0
0.715059           0           0
0.738126           0           0
0.761192           0           0
0.784259           0           0
0.807325           0           0
0.830391           0           0
0.853458           0           0
0.876524           0           0
0.899591           0           0
0.922657    0.272911  0.00889484
0.945724     8.98911    0.563477
0.96879     115.158     6.74697
0.991856      560.37       32.59
1.01492     1509.47     87.4998
1.03799     2614.31     153.442
1.06106      3268.2     190.688
1.08412      3057.5     175.802
1.10719     2210.12     129.194
1.13026        1365      79.993
1.15332     715.883       42.03
1.17639      327.54     18.7888
1.19945     121.378     7.19465
1.22252     46.1366     2.55938
1.24559     11.5863    0.721064
1.26865     2.74936    0.196314
1.29172    0.940379    0.055665
1.31479     1.39087    0.052621
1.33785     3.26366    0.189446
1.36092     13.8541    0.838966
1.38399     35.2701     2.24431
1.40705     81.4174     5.00987
1.43012     166.823     9.82586
1.45319     285.402     17.0599
1.47625     432.328     25.4985
1.49932     585.597     33.8659
1.52238     666.469     37.5035
1.54545     602.332     34.7104
1.56852      476.75     27.4841
1.59158     316.809     18.7364
1.61465     179.901     10.7831
1.63772     89.7217     5.44247
1.66078     34.8825       2.068
1.68385     17.6838     1.04573
1.70692     22.5427     1.26311
1.72998     55.6611     3.21776
1.75305     165.446     9.45411
1.77612     384.754     22.3583
1.79918     754.322     43.6701
1.82225     1231.26     72.4479
1.84531     1646.77     96.7089
1.86838     1853.56     106.762
1.89145      1672.9      97.059
1.91451     1252.81     73.4971
1.93758     821.461     48.1216
1.96065     443.274     25.9602
1.98371     211.454     12.0864
2.00678     84.3286     4.80898
2.02985     54.7695     3.26154
2.05291     87.8819     5.22353
2.07598     193.549     11.3892
2.09905     351.927     20.6234
2.12211     531.641     30.8204
2.14518     660.261     38.3373
2.16824     692.523     39.5273
2.19131     573.613     33.7143
2.21438     402.879     23.7784
2.23744     254.863     14.8415
2.26051     155.086     9.00329
2.28358     122.192     7.31658
0           0           0
0.0230664           0           0
0.0461329           0           0
0.0691993           0           0
0.0922657           0           0
0.115332           0           0
0.138399           0           0
0.161465           0           0
0.184531           0           0
0.207598           0           0
0.230664           0           0
0.253731           0           0
0.276797           0           0
0.299864           0           0
0.32293           0           0
0.345996           0           0
0.369063           0           0
0.392129           0           0
0.415196           0           0
0.438262           0           0
0.461329           0           0
0.484395           0           0
0.507461           0           0
0.530528           0           0
0.553594           0           0
0.576661           0           0
0.599727           0           0
0.622794           0           0
0.64586           0           0
0.668926           0           0
0.691993           0           0
0.715059           0           0
0.738126           0           0
0.761192           0           0
0.784259           0           0
0.807325           0           0
0.830391           0           0
0.853458           0           0
0.876524           0           0
0.899591           0           0
0.922657     5.59357    0.336742
0.945724     63.2266     3.54179
0.96879     317.226     18.3705
0.991856     902.639     53.1885
1.01492     1725.75      100.38
1.03799     2467.56     143.903
1.06106     2771.08     161.659
1.08412     2533.27      146.24
1.10719     1998.74     116.709
1.13026     1403.37     81.4593
1.15332     856.754     50.0284
1.17639     476.771     27.8982
1.19945     240.972      13.915
1.22252     108.391     6.27412
1.24559     42.8152     2.71229
1.26865      16.499     1.16837
1.29172     7.57282    0.503429
1.31479     9.00041     0.56252
1.33785     16.3286    0.984658
1.36092     34.4015     2.13595
1.38399     72.6034     4.35941
1.40705     132.671     7.83082
1.43012     217.408     12.8258
1.45319     312.788     18.3814
1.47625     417.501      23.916
1.49932     502.527     29.4199
1.52238     530.969     31.0717
1.54545     505.431     28.9153
1.56852     433.267     24.6355
1.59158     326.671     18.6964
1.61465     221.923     12.8543
1.63772     133.783     8.02586
1.66078     73.2107     4.56271
1.68385      52.422     3.27681
1.70692     70.6575     4.17764
1.72998     136.753     8.25244
1.75305     283.959     16.8263
1.77612     526.412     31.0623
1.79918     854.423     49.7232
1.82225     1172.34     67.9889
1.84531     1432.78     82.9863
1.86838     1531.97     88.3949
1.89145     1448.09     84.1441
1.91451     1180.27     68.8206
1.93758     847.267     49.7894
1.96065     557.601     32.3925
1.98371     321.778     18.8301
2.00678     184.162     10.8678
2.02985     145.227     8.36503
2.05291     171.012     10.0622
2.07598     258.422     15.0579
2.09905     379.706     22.3181
2.12211     490.252      28.654
2.14518     548.165      31.925
2.16824     552.622     32.0018
2.19131     490.347     28.4312
2.21438     399.108     23.4963
2.23744     311.786      18.325
2.26051     249.152     14.7284
2.28358     230.518     13.8295
0           0           0
0.0230664           0           0
0.0461329           0           0
0.0691993           0           0
0.0922657           0           0
0.115332           0           0
0.138399           0           0
0.161465           0           0
0.184531           0           0
0.207598           0           0
0.230664           0           0
0.253731           0           0
0.276797           0           0
0.299864           0           0
0.32293           0           0
0.345996           0           0
0.369063           0           0
0.392129           0           0
0.415196           0           0
0.438262           0           0
0.461329           0           0
0.484395           0           0
0.507461           0           0
0.530528           0           0
0.553594           0           0
0.576661           0           0
0.599727           0           0
0.622794           0           0
0.64586           0           0
0.668926           0           0
0.691993           0           0
0.715059           0           0
0.738126           0           0
0.761192           0           0
0.784259           0           0
0.807325           0           0
0.830391           0           0
0.853458           0           0
0.876524   0.0916824  0.00713377
0.899591    0.923182   0.0663254
0.922657     11.9951    0.714539
0.945724      106.68     6.35957
0.96879     422.393     24.2813
0.991856     1065.72     61.3541
1.01492     1805.22     106.234
1.03799     2380.21     138.882
1.06106     2566.21     148.268
1.08412     2339.61     135.967
1.10719     1861.23     109.791
1.13026     1360.23     79.1179
1.15332     898.811     52.2347
1.17639     533.226     31.3042
1.19945     308.865     17.8598
1.22252      155.21     8.86881
1.24559     73.1447     4.22512
1.26865     35.3421     1.95539
1.29172     18.3261    0.929639
1.31479     14.5974    0.763145
1.33785     25.0777     1.39467
1.36092     51.3628     2.76336
1.38399     82.7398     4.70602
1.40705     135.692     7.72872
1.43012     220.577     12.9891
1.45319      321.33     18.7832
1.47625     410.801     24.3306
1.49932     479.116     27.9543
1.52238     494.435     29.1369
1.54545     479.039     27.8775
1.56852     415.093     24.2139
1.59158     317.332     18.6181
1.61465     225.663     13.2442
1.63772     150.053     8.55582
1.66078       100.5      5.7211
1.68385     78.5143     4.54342
1.70692     103.706     6.00633
1.72998     189.795     10.8247
1.75305     347.303      19.793
1.77612     590.126     33.8154
1.79918     861.407     50.3001
1.82225     1147.28     67.2875
1.84531     1333.81     78.1152
1.86838     1421.11     82.8409
1.89145     1321.24     77.3475
1.91451     1121.95     65.3789
1.93758     850.686     49.6638
1.96065     584.055     33.9733
1.98371      379.81     21.7812
2.00678     237.513     13.8996
2.02985     186.885     10.8052
2.05291      207.58     11.9589
2.07598     277.066     15.9889
2.09905     380.834     21.9417
2.12211     473.705     27.6409
2.14518     522.922     30.6452
2.16824     525.797     30.7989
2.19131     482.956     28.1986
2.21438     401.759     23.1174
2.23744     326.162     18.7358
2.26051     260.585     15.0719
2.28358      265.04     15.3866
0           0           0
0.0230664           0           0
0.0461329           0           0
0.0691993           0           0
0.0922657           0           0
0.115332           0           0
0.138399           0           0
0.161465           0           0
0.184531           0           0
0.207598           0           0
0.230664           0           0
0.253731           0           0
0.276797           0           0
0.299864           0           0
0.32293           0           0
0.345996           0           0
0.369063           0           0
0.392129           0           0
0.415196           0           0
0.438262           0           0
0.461329           0           0
0.484395           0           0
0.507461           0           0
0.530528           0           0
0.553594           0           0
0.576661           0           0
0.599727           0           0
0.622794           0           0
0.64586           0           0
0.668926           0           0
0.691993           0           0
0.715059           0           0
0.738126           0           0
0.761192           0           0
0.784259           0           0
0.807325           0           0
0.830391           0           0
0.853458           0           0
0.876524           0           0
0.899591     1.23625    0.102088
0.922657     22.2201     1.32682
0.945724     143.662     8.43586
0.96879     525.197     30.5238
0.991856      1138.7     65.8115
1.01492     1815.92     105.616
1.03799     2300.45     134.153
1.06106      2442.5     142.235
1.08412     2250.18     131.375
1.10719     1806.02      105.19
1.13026     1324.61     77.9204
1.15332      916.86     53.3989
1.17639     589.886     34.1611
1.19945     328.108     18.8756
1.22252     181.008     10.2874
1.24559     85.1443     4.91137
1.26865     42.4463     2.47123
1.29172     27.2943     1.58234
1.31479     21.4363     1.16471
1.33785     26.7622     1.52911
1.36092     50.1817     2.81966
1.38399     81.9772     4.78942
1.40705     148.655     8.42035
1.43012     226.827     12.9308
1.45319     317.869     18.3513
1.47625     401.423     23.5376
1.49932     473.296     27.3982
1.52238     496.617     29.3841
1.54545     462.741     27.9267
1.56852     412.405     24.2526
1.59158     316.729     18.3889
1.61465     227.195     12.9031
1.63772     157.186     9.14318
1.66078     108.746     6.24503
1.68385     97.7282     5.53818
1.70692      129.55     7.26574
1.72998     215.204     12.1876
1.75305     378.962     21.8257
1.77612      598.57     34.8651
1.79918     865.705     50.8287
1.82225     1124.76     65.8258
1.84531      1303.1     75.9602
1.86838     1349.89      78.891
1.89145      1257.1      73.371
1.91451     1101.01     64.0113
1.93758     844.145      49.058
1.96065     598.385     34.9053
1.98371     405.438     23.5539
2.00678     278.194     16.0655
2.02985      222.72     12.8152
2.05291     235.888      13.645
2.07598     294.168     17.2559
2.09905     375.743     22.2109
2.12211     452.015     26.4222
2.14518      499.02     28.8796
2.16824     503.023       29.01
2.19131      459.03     26.5003
2.21438      394.12     22.9892
2.23744      329.94     19.0793
2.26051     287.495     16.5683
2.28358      280.92     16.1041
0           0           0
0.0230664           0           0
0.0461329           0           0
0.0691993           0           0
0.0922657           0           0
0.115332           0           0
0.138399           0           0
0.161465           0           0
0.184531           0           0
0.207598           0           0
0.230664           0           0
0.253731           0           0
0.276797           0           0
0.299864           0           0
0.32293           0           0
0.345996           0           0
0.369063           0           0
0.392129           0           0
0.415196           0           0
0.438262           0           0
0.461329           0           0
0.484395           0           0
0.507461           0           0
0.530528           0           0
0.553594           0           0
0.576661           0           0
0.599727           0           0
0.622794           0           0
0.64586           0           0
0.668926           0           0
0.691993           0           0
0.715059           0           0
0.738126           0           0
0.761192           0           0
0.784259           0           0
0.807325           0           0
0.830391    0.732793  0.00835974
0.853458    0.918634   0.0129434
0.876524     1.96362   0.0314164
0.899591      6.3572    0.185559
0.922657     33.7051     1.73734
0.945724     168.194     10.0892
0.96879     521.444     31.6073
0.991856     1147.24     68.1203
1.01492      1809.6     106.872
1.03799     2300.42     133.285
1.06106     2408.85     137.685
1.08412     2228.72      127.84
1.10719     1814.96     103.865
1.13026     1335.28     78.1886
1.15332     904.664     53.2685
1.17639     574.793     34.3547
1.19945     333.643     20.4376
1.22252     182.468     11.2565
1.24559     93.6381     5.58668
1.26865     47.1109     2.59138
1.29172     29.4016     1.60651
1.31479     25.0904     1.36956
1.33785     35.1002      1.9699
1.36092     55.6381      3.2117
1.38399     96.3068     5.62444
1.40705     154.758     9.21135
1.43012     218.096     12.9802
1.45319     312.479     18.3298
1.47625     403.431     23.3943
1.49932     455.328     26.0946
1.52238      481.03     27.7388
1.54545     478.865     27.5892
1.56852     397.815     23.0771
1.59158     312.377     18.2114
1.61465     230.383     13.5541
1.63772     158.025     9.43279
1.66078     115.185     6.60928
1.68385     105.385     6.16109
1.70692     141.002     8.06467
1.72998     230.305     13.7134
1.75305     389.081     23.0989
1.77612     607.826     36.0053
1.79918     855.604     50.3154
1.82225      1112.7     64.8332
1.84531     1286.38      73.719
1.86838     1339.27     76.7381
1.89145     1264.55     73.2248
1.91451     1075.74     62.8949
1.93758     828.443     49.0502
1.96065     599.441     35.4775
1.98371     406.515      23.913
2.00678      290.08     16.8461
2.02985      239.35     14.0259
2.05291      247.73     14.5651
2.07598     298.623     17.5401
2.09905     373.645     21.6101
2.12211     450.028     25.9607
2.14518     506.239     28.8706
2.16824     503.706     28.9584
2.19131     457.419     26.3047
2.21438     392.403     22.6123
2.23744     330.422     19.3564
2.26051     293.843     17.4389
2.28358     294.863     17.5146
0           0           0
0.0230664           0           0
0.0461329           0           0
0.0691993           0           0
0.0922657           0           0
0.115332           0           0
0.138399           0           0
0.161465           0           0
0.184531           0           0
0.207598           0           0
0.230664           0           0
0.253731           0           0
0.276797           0           0
0.299864           0           0
0.32293           0           0
0.345996           0           0
0.369063           0           0
0.392129           0           0
0.415196           0           0
0.438262           0           0
0.461329           0           0
0.484395           0           0
0.507461           0           0
0.530528           0           0
0.553594           0           0
0.576661           0           0
0.599727           0           0
0.622794           0           0
0.64586           0           0
0.668926           0           0
0.691993           0           0
0.715059           0           0
0.738126           0           0
0.761192           0           0
0.784259           0           0
0.807325           0           0
0.830391           0           0
0.853458           0           0
0.876524           0           0
0.899591     2.26171    0.149984
0.922657     23.1705     1.36353
0.945724     151.592     8.76993
0.96879     519.445     30.4481
0.991856     1133.68     65.7198
1.01492     1802.27     105.052
1.03799     2311.18     134.376
1.06106     2424.37     141.146
1.08412      2243.2      130.36
1.10719     1861.83     108.214
1.13026     1348.44     79.6443
1.15332     900.054     52.9413
1.17639     568.204     32.9637
1.19945     319.651     18.3898
1.22252     176.592     10.0677
1.24559     91.7928     5.21498
1.26865     41.8977     2.43161
1.29172     23.8909     1.35809
1.31479     17.6025    0.938652
1.33785     25.6671     1.47881
1.36092     45.2261     2.70627
1.38399     84.1897     4.82404
1.40705      139.33     8.06155
1.43012      222.11     13.0113
1.45319     314.815     18.2952
1.47625     407.339     23.6024
1.49932     479.788     27.9615
1.52238     492.849     28.7721
1.54545     485.216     28.4878
1.56852     426.674     25.0221
1.59158     322.203     18.7302
1.61465     226.841       13.19
1.63772     147.497     8.63385
1.66078     101.973     5.75596
1.68385     88.4045      5.0474
1.70692     117.535     6.69869
1.72998     204.121     11.6769
1.75305     371.028     21.2303
1.77612      600.17     34.9783
1.79918      860.64     50.4983
1.82225     1115.68     65.2273
1.84531      1312.9     76.6985
1.86838     1375.44     80.2792
1.89145     1296.52     75.8808
1.91451      1104.9     64.1255
1.93758     846.539     49.4583
1.96065     600.916     35.0435
1.98371     394.081      22.484
2.00678     264.367     15.2055
2.02985     211.507     11.9413
2.05291     222.521     12.9293
2.07598     291.519     16.9696
2.09905     377.276     22.0604
2.12211     461.546     26.8671
2.14518     503.178     29.5618
2.16824      509.94     29.8215
2.19131     458.561     26.9253
2.21438     392.328     22.8355
2.23744     318.025     18.5002
2.26051     274.709     15.9346
2.28358     273.356     15.8095
0           0           0
0.0230664           0           0
0.0461329           0           0
0.0691993           0           0
0.0922657           0           0
0.115332           0           0
0.138399           0           0
0.161465           0           0
0.184531           0           0
0.207598           0           0
0.230664           0           0
0.253731           0           0
0.276797           0           0
0.299864           0           0
0.32293           0           0
0.345996           0           0
0.369063           0           0
0.392129           0           0
0.415196           0           0
0.438262           0           0
0.461329           0           0
0.484395           0           0
0.507461           0           0
0.530528           0           0
0.553594           0           0
0.576661           0           0
0.599727           0           0
0.622794           0           0
0.64586           0           0
0.668926           0           0
0.691993           0           0
0.715059           0           0
0.738126           0           0
0.761192           0           0
0.784259           0           0
0.807325           0           0
0.830391           0           0
0.853458           0           0
0.876524   0.0793108  0.00732917
0.899591      1.2047    0.108857
0.922657     19.2957     1.20796
0.945724     137.314      8.0771
0.96879     506.472     29.1148
0.991856     1134.83     66.3556
1.01492     1826.93     106.355
1.03799     2294.36     133.358
1.06106     2470.35      143.74
1.08412     2228.24     129.616
1.10719     1821.97     105.782
1.13026     1353.33     79.1067
1.15332       918.5     54.0166
1.17639     541.342     31.8792
1.19945     332.326     19.1293
1.22252      186.43     10.6077
1.24559     97.9918     5.66344
1.26865     43.4041     2.70093
1.29172     24.8965     1.50338
1.31479     22.6996     1.44885
1.33785     29.2822     1.89468
1.36092     60.4809     3.66675
1.38399     95.7901     5.54414
1.40705     146.341     8.57704
1.43012     229.543     13.3269
1.45319     313.387     18.1696
1.47625     396.693     23.0243
1.49932      450.47        26.4
1.52238     488.109      28.084
1.54545     469.089     27.1709
1.56852     397.214      23.052
1.59158     314.406     18.1447
1.61465     231.317     13.3848
1.63772     169.041     9.63369
1.66078     111.409      6.6506
1.68385     96.6943     5.63942
1.70692     125.165     7.44156
1.72998      219.21     12.9195
1.75305      377.03     21.9213
1.77612     606.597     35.3263
1.79918     875.114     51.1464
1.82225     1119.87     65.5555
1.84531     1279.43     74.8387
1.86838     1351.81     78.6218
1.89145     1281.61     74.0251
1.91451     1075.83     62.8626
1.93758     844.888     48.9657
1.96065     608.513     35.2694
1.98371     412.518     23.6783
2.00678      274.82     15.9034
2.02985     220.046     12.9837
2.05291     240.758     14.2787
2.07598     299.289     17.6708
2.09905     377.131     22.1042
2.12211     451.948     26.2324
2.14518     501.037     29.1896
2.16824     499.268      29.029
2.19131     459.605     26.4718
2.21438     392.289     23.1552
2.23744     336.422     19.8229
2.26051     294.407     17.2869
2.28358     292.892     17.4003
0           0           0
0.0230664           0           0
0.0461329           0           0
0.0691993           0           0
0.0922657           0           0
0.115332           0           0
0.138399           0           0
0.161465           0           0
0.184531           0           0
0.207598           0           0
0.230664           0           0
0.253731           0           0
0.276797           0           0
0.299864           0           0
0.32293           0           0
0.345996           0           0
0.369063           0           0
0.392129           0           0
0.415196           0           0
0.438262           0           0
0.461329           0           0
0.484395           0           0
0.507461           0           0
0.530528           0           0
0.553594           0           0
0.576661           0           0
0.599727           0           0
0.622794           0           0
0.64586           0           0
0.668926           0           0
0.691993           0           0
0.715059           0           0
0.738126           0           0
0.761192           0           0
0.784259           0           0
0.807325           0           0
0.830391           0           0
0.853458           0           0
0.876524           0           0
0.899591     1.96886    0.124775
0.922657     22.0906      1.1664
0.945724     146.782     8.29771
0.96879     502.388     29.3285
0.991856      1104.8     65.2152
1.01492     1818.09     106.905
1.03799     2326.03     134.585
1.06106     2458.74     142.863
1.08412     2258.49     131.177
1.10719     1852.67     106.436
1.13026     1325.65     77.3728
1.15332     896.444     52.6576
1.17639     560.851     33.1251
1.19945     326.929     19.2282
1.22252       180.9     10.4602
1.24559     91.3964     5.34377
1.26865     47.8748     2.89638
1.29172     21.6236     1.38536
1.31479     19.9697     1.24514
1.33785     30.0093     1.79213
1.36092     54.5213     3.23822
1.38399     86.7919     5.23746
1.40705      146.77     8.61962
1.43012     223.327     13.2271
1.45319     319.731     18.8053
1.47625     405.012      23.397
1.49932     467.947     26.6218
1.52238     483.682     27.8138
1.54545     462.519     26.6608
1.56852     406.058     23.4809
1.59158     316.196     18.5307
1.61465     231.585     13.8856
1.63772      161.18     9.28728
1.66078     110.859     6.53068
1.68385     90.7253      5.5456
1.70692     121.521     7.24756
1.72998     207.711     12.4904
1.75305     373.321     22.1769
1.77612     604.627     35.5609
1.79918     865.372     50.4457
1.82225     1121.75     65.1835
1.84531      1306.8     75.4834
1.86838     1381.33      79.273
1.89145     1289.54     74.3276
1.91451     1086.09     63.3432
1.93758     836.816     49.0697
1.96065     591.556     34.7115
1.98371     404.985     23.5283
2.00678     270.836     16.0481
2.02985     215.965     12.9174
2.05291     234.194     13.8308
2.07598     288.383     17.0451
2.09905     377.875      22.018
2.12211     460.639     26.6699
2.14518     500.814     29.0333
2.16824     505.913     29.3839
2.19131     459.976     26.7667
2.21438     396.542     23.0468
2.23744     327.015     19.3784
2.26051     286.041     16.7785
2.28358     286.217     17.0312
0           0           0
0.0230664           0           0
0.0461329           0           0
0.0691993           0           0
0.0922657           0           0
0.115332           0           0
0.138399           0           0
0.161465           0           0
0.184531           0           0
0.207598           0           0
0.230664           0           0
0.253731           0           0
0.276797           0           0
0.299864           0           0
0.32293           0           0
0.345996           0           0
0.369063           0           0
0.392129           0           0
0.415196           0           0
0.438262           0           0
0.461329           0           0
0.484395           0           0
0.507461           0           0
0.530528           0           0
0.553594           0           0
0.576661           0           0
0.599727           0           0
0.622794           0           0
0.64586           0           0
0.668926           0           0
0.691993           0           0
0.715059           0           0
0.738126           0           0
0.761192           0           0
0.784259           0           0
0.807325           0           0
0.830391           0           0
0.853458           0           0
0.876524    0.272418    0.024891
0.899591     18.0451     1.02862
0.922657     243.164     14.4271
0.945724     1498.06     88.3419
0.96879      5207.6     303.623
0.991856     11419.1     662.524
1.01492     18157.9     1058.54
1.03799       23054      1342.1
1.06106       24271     1414.51
1.08412     22130.1     1291.16
1.10719     18131.3     1056.08
1.13026     13385.7       781.3
1.15332     9145.42     535.819
1.17639     5791.11     337.654
1.19945     3377.62      195.52
1.22252     1817.41     106.161
1.24559     932.416     53.7474
1.26865     456.133     26.6895
1.29172     239.795     14.1545
1.31479     209.925     12.3088
1.33785     307.312     18.1765
1.36092     530.552      31.234
1.38399     913.078     53.9656
1.40705     1504.88      88.244
1.43012     2256.36     131.708
1.45319     3147.15      184.53
1.47625     3986.85     231.885
1.49932     4590.58     265.992
1.52238     4861.49     281.538
1.54545      4651.6     269.442
1.56852     4048.54     235.902
1.59158     3190.38     186.528
1.61465     2316.69      136.05
1.63772     1585.37      92.881
1.66078     1104.92     64.9132
1.68385     968.104     57.0015
1.70692      1303.2     76.3069
1.72998      2189.9     129.025
1.75305     3817.18     222.124
1.77612     6031.05     352.246
1.79918     8678.58     504.991
1.82225     11124.9     648.378
1.84531     12853.6     748.543
1.86838     13500.5     785.286
1.89145     12723.8     740.048
1.91451     10875.1     632.593
1.93758     8464.59      494.26
1.96065      6053.7     353.904
1.98371     4059.62     237.457
2.00678      2765.2     161.796
2.02985      2226.7     129.442
2.05291      2358.7     137.092
2.07598     2972.42     172.933
2.09905     3763.81     219.786
2.12211     4520.55     263.911
2.14518     4987.52     291.159
2.16824     4991.27     290.897
2.19131     4593.33     267.738
2.21438     3939.64     230.389
2.23744     3318.92     193.487
2.26051     2891.95     168.852
2.28358     2894.44     168.857
