0           0           0
0.0256496           0           0
0.0512993           0           0
0.0769489           0           0
0.102599           0           0
0.128248           0           0
0.153898           0           0
0.179547           0           0
0.205197           0           0
0.230847           0           0
0.256496           0           0
0.282146           0           0
0.307796           0           0
0.333445           0           0
0.359095           0           0
0.384745           0           0
0.410394           0           0
0.436044           0           0
0.461694           0           0
0.487343           0           0
0.512993           0           0
0.538642           0           0
0.564292           0           0
0.589942           0           0
0.615591           0           0
0.641241           0           0
0.666891           0           0
0.69254           0           0
0.71819           0           0
0.74384           0           0
0.769489           0           0
0.795139           0           0
0.820788           0           0
0.846438           0           0
0.872088           0           0
0.897737           0           0
0.923387     2.63212    0.136905
0.949037      40.838     2.50939
0.974686     212.816     13.0832
1.00034     566.934     33.9618
1.02599     953.675     58.3939
1.05164     1275.11     77.1196
1.07728     1430.54     86.2913
1.10293      1414.3     83.9734
1.12858      1326.4     78.2252
1.15423     1210.13     70.0401
1.17988     1120.74     62.0849
1.20553     1025.79     53.7552
1.23118     832.903     45.8385
1.25683     724.817     39.5681
1.28248     636.648     35.4744
1.30813     555.313     31.6594
1.33378     504.661     28.8591
1.35943     444.163     25.3724
1.38508      398.18     23.4138
1.41073     355.207     21.0672
1.43638     324.754     19.5719
1.46203     309.378     18.5926
1.48768     295.049     17.9008
1.51333     284.802     17.2558
1.53898      280.23      16.916
1.56463     291.133     17.7391
1.59028     299.528     17.9693
1.61593     289.046     17.2996
1.64158     297.852     17.5702
1.66723      314.63     18.3675
1.69288      347.24     19.1119
1.71853     351.556     20.2548
1.74418      357.76     21.4186
1.76983     377.501     22.8734
1.79547     394.709      23.867
1.82112     423.284     26.0901
1.84677     462.146     28.1075
1.87242     479.237     29.2243
1.89807     506.265      30.827
1.92372     533.459     31.9382
1.94937     562.917     33.0504
1.97502     592.802     34.5061
2.00067      611.59     35.4182
2.02632     639.565     36.2387
2.05197     666.015      36.919
2.07762     707.037      36.991
2.10327     682.995      37.314
2.12892     662.945     37.5014
2.15457     640.533     36.9166
2.18022     615.075     36.1716
2.20587     592.207     35.3469
2.23152     570.582     33.7516
2.25717     551.105     33.0287
2.28282     532.165     31.6221
2.30847     516.167     30.7051
2.33412     505.434     29.9167
2.35977     478.993     28.1209
2.38542     475.615     27.4181
2.41107     477.318     26.8545
2.43672     451.001     26.1029
2.46237     436.123     25.5786
2.48802     420.728     24.5786
2.51366     418.777     24.5542
2.53931      418.93     24.7877
0           0           0
0.0256496           0           0
0.0512993           0           0
0.0769489           0           0
0.102599           0           0
0.128248           0           0
0.153898           0           0
0.179547           0           0
0.205197           0           0
0.230847           0           0
0.256496           0           0
0.282146           0           0
0.307796           0           0
0.333445           0           0
0.359095           0           0
0.384745           0           0
0.410394           0           0
0.436044           0           0
0.461694           0           0
0.487343           0           0
0.512993           0           0
0.538642           0           0
0.564292           0           0
0.589942           0           0
0.615591           0           0
0.641241           0           0
0.666891           0           0
0.69254           0           0
0.71819           0           0
0.74384           0           0
0.769489           0           0
0.795139           0           0
0.820788           0           0
0.846438           0           0
0.872088    0.123068   0.0118915
0.897737     3.78087     0.15924
0.923387     35.2049     1.97942
0.949037     180.298     10.6028
0.974686     496.427     29.1753
1.00034      826.14     49.6927
1.02599     1156.94     68.2688
1.05164     1321.76     77.9496
1.07728     1378.11     80.1042
1.10293     1313.69     75.4146
1.12858     1149.03     66.9045
1.15423     1020.97      58.883
1.17988     899.656     51.2715
1.20553     820.614     46.3923
1.23118     708.707     40.8926
1.25683     641.349     36.7516
1.28248     563.004      31.992
1.30813      503.44     28.9158
1.33378     477.071     27.9405
1.35943     434.298     25.8018
1.38508     402.335      23.543
1.41073     383.427     22.6171
1.43638     371.704     21.7818
1.46203     371.459     21.5558
1.48768     357.752     20.9472
1.51333     337.346     19.8757
1.53898     328.541     19.5383
1.56463     325.445     19.3612
1.59028     323.183     18.9042
1.61593     323.115     18.9626
1.64158      340.22       19.95
1.66723     350.692     20.6279
1.69288     352.489     21.2368
1.71853      373.57     22.4976
1.74418     400.769     23.4858
1.76983     416.552     24.2508
1.79547     434.528     25.2349
1.82112     452.168     26.2513
1.84677     489.902     28.2892
1.87242      509.67     29.4201
1.89807     534.955     30.6979
1.92372     541.477     31.6234
1.94937     557.545     32.8959
1.97502     577.356     33.9379
2.00067     598.337     34.7629
2.02632     605.314     35.2329
2.05197     606.284     35.1162
2.07762     617.054     35.6053
2.10327     613.827     35.8302
2.12892     617.591     35.8065
2.15457     595.633     34.6339
2.18022     585.016     33.9775
2.20587     578.327     33.0021
2.23152     567.712     32.6293
2.25717     537.386     30.9396
2.28282     522.221     30.2909
2.30847     510.114     29.5235
2.33412      493.62     28.7745
2.35977     489.241      28.238
2.38542     476.653     27.6398
2.41107     470.055     27.6497
2.43672     460.896     26.8988
2.46237     456.994     26.5965
2.48802     447.952     26.0904
2.51366     443.304     25.9256
2.53931     437.642     25.7547
0           0           0
0.0256496           0           0
0.0512993           0           0
0.0769489           0           0
0.102599           0           0
0.128248           0           0
0.153898           0           0
0.179547           0           0
0.205197           0           0
0.230847           0           0
0.256496           0           0
0.282146           0           0
0.307796           0           0
0.333445           0           0
0.359095           0           0
0.384745           0           0
0.410394           0           0
0.436044           0           0
0.461694           0           0
0.487343           0           0
0.512993           0           0
0.538642           0           0
0.564292           0           0
0.589942           0           0
0.615591           0           0
0.641241           0           0
0.666891           0           0
0.69254           0           0
0.71819           0           0
0.74384           0           0
0.769489           0           0
0.795139           0           0
0.820788           0           0
0.846438           0           0
0.872088   0.0769407  0.00902937
0.897737     5.07164    0.319903
0.923387     52.6766      2.9932
0.949037     219.186     12.4142
0.974686     539.333      31.887
1.00034     883.072      52.889
1.02599      1211.2      71.053
1.05164     1341.59     78.0584
1.07728     1343.57     78.0832
1.10293     1255.03     72.5578
1.12858      1148.3      66.882
1.15423     1004.28     59.0306
1.17988     863.177     50.7387
1.20553     750.006     43.9339
1.23118     669.389     38.7856
1.25683     624.963     36.0663
1.28248     565.018     32.8502
1.30813     509.793     29.7597
1.33378     469.575     27.1498
1.35943     435.338     25.2428
1.38508     415.022     23.4259
1.41073     388.584     21.9796
1.43638     360.782     20.1325
1.46203      351.37     19.9417
1.48768     342.222      19.517
1.51333     337.405     19.1952
1.53898     340.009      19.309
1.56463     334.675     19.5362
1.59028     327.739     19.1836
1.61593     337.001     19.7343
1.64158     358.142     20.5026
1.66723     357.689     20.7126
1.69288     369.735     22.1528
1.71853     384.362     22.9088
1.74418     414.132     24.3357
1.76983     429.768     25.4104
1.79547     444.039     25.9366
1.82112     470.194     27.6398
1.84677     496.629     29.5128
1.87242     493.506     29.4569
1.89807     531.728      31.604
1.92372      547.75     32.2966
1.94937     554.335      32.504
1.97502     579.031     34.0766
2.00067     597.535     34.6182
2.02632     605.658     35.4088
2.05197     617.306     35.9539
2.07762     610.745     35.2839
2.10327     612.648     35.1931
2.12892      605.78     35.3644
2.15457     583.142     34.2572
2.18022     572.883     33.4686
2.20587     559.618     32.2681
2.23152     562.048     31.9537
2.25717     538.887     30.7816
2.28282     524.171     30.0912
2.30847      504.97     29.3167
2.33412     494.605      28.602
2.35977     482.083     28.0617
2.38542     468.881     27.1986
2.41107      467.93     27.1007
2.43672     459.252     26.5422
2.46237     457.083      26.083
2.48802     444.737     26.1181
2.51366     453.176     26.4101
2.53931     445.358     25.6455
0           0           0
0.0256496           0           0
0.0512993           0           0
0.0769489           0           0
0.102599           0           0
0.128248           0           0
0.153898           0           0
0.179547           0           0
0.205197           0           0
0.230847           0           0
0.256496           0           0
0.282146           0           0
0.307796           0           0
0.333445           0           0
0.359095           0           0
0.384745           0           0
0.410394           0           0
0.436044           0           0
0.461694           0           0
0.487343           0           0
0.512993           0           0
0.538642           0           0
0.564292           0           0
0.589942           0           0
0.615591           0           0
0.641241           0           0
0.666891           0           0
0.69254           0           0
0.71819           0           0
0.74384           0           0
0.769489           0           0
0.795139           0           0
0.820788           0           0
0.846438           0           0
0.872088    0.361043   0.0153343
0.897737     10.5621     0.55996
0.923387     74.4868     4.34671
0.949037     266.518     15.7688
0.974686     598.718     34.3724
1.00034     918.336      53.626
1.02599      1165.7     67.1904
1.05164     1266.71     74.1472
1.07728      1268.7     73.5943
1.10293     1166.44     68.5422
1.12858     1129.73     65.6086
1.15423     1006.46     58.1363
1.17988      872.59      50.653
1.20553     773.059      44.583
1.23118     695.716     41.1047
1.25683     623.054     36.8868
1.28248     570.364     34.0759
1.30813      517.37     30.5263
1.33378     465.351     27.2391
1.35943     440.119     25.5737
1.38508     421.302     24.6246
1.41073     410.322     23.6778
1.43638     375.575     21.8133
1.46203     354.244     20.6468
1.48768     341.934     19.8288
1.51333     338.845      19.962
1.53898     343.082     20.0075
1.56463     338.126     19.7746
1.59028     341.202     19.8496
1.61593     340.546     19.6637
1.64158     357.854     20.8506
1.66723      372.25     21.2638
1.69288     386.946     22.1814
1.71853     396.746     22.8685
1.74418     407.731     23.7274
1.76983     429.314     24.5765
1.79547     443.528     25.5777
1.82112     470.963     27.2078
1.84677     481.213     28.0999
1.87242     495.023     29.2156
1.89807     515.364     29.9412
1.92372     534.468     31.4692
1.94937     546.414     31.6983
1.97502     571.069     33.0117
2.00067     591.122     34.0765
2.02632     605.465     35.0675
2.05197     606.477     35.3934
2.07762     595.002     34.9518
2.10327     599.643     35.3108
2.12892     590.762     34.9334
2.15457     592.013     34.8085
2.18022     585.191     33.9621
2.20587     565.059     33.1362
2.23152     554.753     32.7659
2.25717     531.158     31.1656
2.28282      524.95     30.5991
2.30847     512.294     29.9381
2.33412     503.593     29.2437
2.35977     480.752     28.2272
2.38542     474.491     27.7241
2.41107      466.44     27.2242
2.43672     461.458     27.0756
2.46237     459.043     26.6409
2.48802     454.287     26.4404
2.51366     449.927     26.0188
2.53931     451.445      25.902
0           0           0
0.0256496           0           0
0.0512993           0           0
0.0769489           0           0
0.102599           0           0
0.128248           0           0
0.153898           0           0
0.179547           0           0
0.205197           0           0
0.230847           0           0
0.256496           0           0
0.282146           0           0
0.307796           0           0
0.333445           0           0
0.359095           0           0
0.384745           0           0
0.410394           0           0
0.436044           0           0
0.461694           0           0
0.487343           0           0
0.512993           0           0
0.538642           0           0
0.564292           0           0
0.589942           0           0
0.615591           0           0
0.641241           0           0
0.666891           0           0
0.69254           0           0
0.71819           0           0
0.74384           0           0
0.769489           0           0
0.795139           0           0
0.820788           0           0
0.846438           0           0
0.872088    0.316933   0.0183113
0.897737     12.6538    0.677298
0.923387     92.9113     5.26992
0.949037     284.508      17.121
0.974686     596.944     35.1938
1.00034     926.712     54.7665
1.02599     1174.22     69.3562
1.05164        1287     74.2782
1.07728     1272.44     74.6331
1.10293     1219.29     70.8277
1.12858     1101.03     64.1285
1.15423     973.545     56.5153
1.17988     862.937      49.243
1.20553     773.146     43.6165
1.23118     709.703     40.6154
1.25683     629.573     36.1226
1.28248     551.894     32.4689
1.30813     509.339     29.4875
1.33378     470.382     27.3793
1.35943     435.319     25.4837
1.38508     405.587     23.1653
1.41073     382.143     22.0696
1.43638     358.883     21.3681
1.46203      349.99     20.7963
1.48768     347.255     20.5985
1.51333     333.305     19.9377
1.53898     335.586     19.7344
1.56463     335.892     20.0677
1.59028     332.935     19.8645
1.61593     324.837     19.3279
1.64158      344.97     20.3059
1.66723     364.266     21.4948
1.69288     392.675     23.3553
1.71853     404.648     23.6873
1.74418     426.193     24.4144
1.76983     435.513     25.0541
1.79547     447.204     25.7684
1.82112     480.814     27.7199
1.84677     493.307      28.507
1.87242     522.157     30.0998
1.89807     540.718     31.7116
1.92372      548.59     31.6027
1.94937     567.494     33.0538
1.97502     571.302     33.3323
2.00067     590.783     34.4036
2.02632     598.367     34.7237
2.05197     607.369     35.1335
2.07762     604.974     35.1931
2.10327     607.218     34.8776
2.12892     587.807     34.1704
2.15457     580.753     33.7193
2.18022     578.473     33.5303
2.20587      558.66     32.3169
2.23152     546.578      31.906
2.25717     530.621     30.9175
2.28282     518.234      30.364
2.30847     503.267     29.1567
2.33412     492.808     28.5336
2.35977     479.794     27.9572
2.38542     472.316     27.4907
2.41107     464.017     27.2841
2.43672      459.68     26.7636
2.46237     443.808     26.0055
2.48802     446.747     26.2294
2.51366      455.12     27.0643
2.53931     444.936     26.4141
0           0           0
0.0256496           0           0
0.0512993           0           0
0.0769489           0           0
0.102599           0           0
0.128248           0           0
0.153898           0           0
0.179547           0           0
0.205197           0           0
0.230847           0           0
0.256496           0           0
0.282146           0           0
0.307796           0           0
0.333445           0           0
0.359095           0           0
0.384745           0           0
0.410394           0           0
0.436044           0           0
0.461694           0           0
0.487343           0           0
0.512993           0           0
0.538642           0           0
0.564292           0           0
0.589942           0           0
0.615591           0           0
0.641241           0           0
0.666891           0           0
0.69254           0           0
0.71819           0           0
0.74384           0           0
0.769489           0           0
0.795139           0           0
0.820788           0           0
0.846438           0           0
0.872088     1.10936   0.0508385
0.897737       10.31    0.526403
0.923387     82.6814     4.73087
0.949037     268.429     16.0836
0.974686     583.706     33.9991
1.00034     921.164     54.0671
1.02599     1157.24     67.6808
1.05164     1278.43     74.9149
1.07728     1281.81     73.7384
1.10293     1193.86     69.0748
1.12858     1108.12     64.5031
1.15423     995.288     58.7246
1.17988     870.282     50.7975
1.20553      787.54     45.0906
1.23118     692.607     40.0068
1.25683     626.091     36.1377
1.28248     574.319     33.0746
1.30813     520.948      30.097
1.33378     473.848     27.4541
1.35943     433.603     25.4398
1.38508     421.616     24.3285
1.41073     399.927     23.2995
1.43638     372.224      21.949
1.46203     355.761     20.8458
1.48768     337.003     20.1087
1.51333     328.711     19.7638
1.53898     332.587     19.8784
1.56463     329.776     19.6456
1.59028     345.344     20.2756
1.61593     340.238     20.0288
1.64158     338.444     19.9095
1.66723     359.592      21.022
1.69288     364.188     21.4736
1.71853     389.699     22.7165
1.74418     415.989     24.0566
1.76983     439.469     24.9325
1.79547      461.33     26.1005
1.82112     472.957     27.0618
1.84677     482.611     27.7863
1.87242     499.549     29.2343
1.89807     523.172       30.31
1.92372     547.798     31.6803
1.94937     569.564     32.9568
1.97502     580.336     33.9267
2.00067     595.508     34.8291
2.02632     599.753     35.0816
2.05197     611.269     35.9847
2.07762     608.008     35.6458
2.10327     604.757     35.7654
2.12892     599.131     35.2075
2.15457     587.385     34.4615
2.18022      574.95     33.3925
2.20587     572.491     32.6884
2.23152     544.742      31.522
2.25717     536.171     30.6707
2.28282     515.837       29.77
2.30847     495.916     28.6068
2.33412     491.652     28.4663
2.35977     491.721     28.5577
2.38542      479.86     28.1128
2.41107      457.24     27.0727
2.43672     455.719     26.8407
2.46237     454.423     26.5603
2.48802     447.691     26.3867
2.51366     435.907     25.8251
2.53931     443.465     26.0536
0           0           0
0.0256496           0           0
0.0512993           0           0
0.0769489           0           0
0.102599           0           0
0.128248           0           0
0.153898           0           0
0.179547           0           0
0.205197           0           0
0.230847           0           0
0.256496           0           0
0.282146           0           0
0.307796           0           0
0.333445           0           0
0.359095           0           0
0.384745           0           0
0.410394           0           0
0.436044           0           0
0.461694           0           0
0.487343           0           0
0.512993           0           0
0.538642           0           0
0.564292           0           0
0.589942           0           0
0.615591           0           0
0.641241           0           0
0.666891           0           0
0.69254           0           0
0.71819           0           0
0.74384           0           0
0.769489           0           0
0.795139           0           0
0.820788           0           0
0.846438           0           0
0.872088    0.301435   0.0271133
0.897737      7.0114    0.486243
0.923387     73.4319     4.41589
0.949037     258.422     15.1484
0.974686     601.038     35.0855
1.00034     938.408     54.6449
1.02599     1192.65     68.5472
1.05164     1269.59     73.3833
1.07728     1286.63     75.2353
1.10293      1212.6     70.6735
1.12858     1124.31     65.4983
1.15423     1018.09     59.0479
1.17988     888.824     51.9937
1.20553     774.963     45.6142
1.23118     675.886     39.7571
1.25683     592.995     35.1215
1.28248      556.96     32.7726
1.30813     518.027     29.7754
1.33378     453.241      26.542
1.35943     429.243     25.4484
1.38508     400.156     23.2572
1.41073     383.057     22.5538
1.43638     373.581     21.8654
1.46203     368.061     21.3035
1.48768     361.627      20.883
1.51333     338.243     19.6827
1.53898     332.714     19.5937
1.56463     336.699     19.5888
1.59028     342.367      20.073
1.61593     348.745     20.3129
1.64158     359.232     20.9111
1.66723     368.077     21.0001
1.69288     385.483     21.9233
1.71853      394.96     22.5672
1.74418     406.406      23.758
1.76983     418.281     24.4282
1.79547      438.08     25.4908
1.82112     466.291     26.7282
1.84677     491.873     28.1493
1.87242     511.769     29.8201
1.89807     522.649     30.4411
1.92372     544.996     31.4319
1.94937     572.102      32.986
1.97502     591.302     34.4535
2.00067     593.576     34.7822
2.02632     604.882     35.6154
2.05197     599.525     35.3179
2.07762     608.013     35.7952
2.10327      617.59     36.1006
2.12892     592.235     34.7709
2.15457     578.661     33.9805
2.18022     574.952     33.7445
2.20587     554.165     32.4918
2.23152     538.425      31.656
2.25717     523.096     30.7815
2.28282     516.395     30.0804
2.30847      513.78     30.0686
2.33412     495.756      28.968
2.35977     484.459     28.2333
2.38542     468.629     27.3584
2.41107     461.403     26.6795
2.43672       454.4     26.4256
2.46237     457.623     26.5173
2.48802     455.996     26.1827
2.51366      455.96     26.2858
2.53931     455.719     26.0602
0           0           0
0.0256496           0           0
0.0512993           0           0
0.0769489           0           0
0.102599           0           0
0.128248           0           0
0.153898           0           0
0.179547           0           0
0.205197           0           0
0.230847           0           0
0.256496           0           0
0.282146           0           0
0.307796           0           0
0.333445           0           0
0.359095           0           0
0.384745           0           0
0.410394           0           0
0.436044           0           0
0.461694           0           0
0.487343           0           0
0.512993           0           0
0.538642           0           0
0.564292           0           0
0.589942           0           0
0.615591           0           0
0.641241           0           0
0.666891           0           0
0.69254           0           0
0.71819           0           0
0.74384           0           0
0.769489           0           0
0.795139           0           0
0.820788           0           0
0.846438           0           0
0.872088    0.748039    0.055061
0.897737     14.2755    0.842836
0.923387     81.1406     5.12064
0.949037      294.83     17.0089
0.974686      632.52     35.9656
1.00034     950.722     54.3527
1.02599      1172.7     67.7954
1.05164     1294.42     74.8022
1.07728     1295.32     74.9067
1.10293     1190.77     69.2156
1.12858     1073.47     63.6815
1.15423     962.983     57.3009
1.17988     881.231     50.9456
1.20553     772.979     45.5917
1.23118     696.678      41.186
1.25683     609.994     36.0349
1.28248     559.384     32.7599
1.30813     501.903     29.5115
1.33378     465.525     27.4201
1.35943     450.601     26.3221
1.38508     405.224     24.0226
1.41073     388.233     22.5006
1.43638     369.299      21.196
1.46203     354.532     20.2872
1.48768     343.008     20.0064
1.51333     343.191     19.9129
1.53898     340.474     19.6247
1.56463     348.695     20.0851
1.59028      336.26     19.1923
1.61593     347.565     19.9746
1.64158     351.619     20.5467
1.66723     353.481     20.5831
1.69288     368.481     21.3592
1.71853     382.917      22.432
1.74418     406.975      23.721
1.76983     436.956     25.1369
1.79547     452.148      26.135
1.82112     463.389     26.8781
1.84677     478.623     27.8696
1.87242     510.668     29.5276
1.89807     534.466      30.737
1.92372     546.236     31.6707
1.94937     557.814     32.6644
1.97502     579.439     34.0898
2.00067      593.68     34.6223
2.02632     600.737      35.152
2.05197     604.851     35.0755
2.07762     614.787     35.7009
2.10327      611.53     35.6512
2.12892     606.873     35.7077
2.15457     591.498      35.131
2.18022      580.68     34.0655
2.20587     570.422     33.5948
2.23152     555.743     32.4519
2.25717     535.614     31.1598
2.28282     519.213      30.247
2.30847     503.871     29.5904
2.33412     496.968     29.1973
2.35977     481.273       27.98
2.38542     479.714     27.6143
2.41107     460.815     26.7065
2.43672     453.677     26.2271
2.46237     443.184     25.6815
2.48802     439.261     25.3619
2.51366     444.293     25.8471
2.53931     439.711     25.5692
0           0           0
0.0256496           0           0
0.0512993           0           0
0.0769489           0           0
0.102599           0           0
0.128248           0           0
0.153898           0           0
0.179547           0           0
0.205197           0           0
0.230847           0           0
0.256496           0           0
0.282146           0           0
0.307796           0           0
0.333445           0           0
0.359095           0           0
0.384745           0           0
0.410394           0           0
0.436044           0           0
0.461694           0           0
0.487343           0           0
0.512993           0           0
0.538642           0           0
0.564292           0           0
0.589942           0           0
0.615591           0           0
0.641241           0           0
0.666891           0           0
0.69254           0           0
0.71819           0           0
0.74384           0           0
0.769489           0           0
0.795139           0           0
0.820788           0           0
0.846438           0           0
0.872088     5.83048    0.342152
0.897737     117.977     6.92837
0.923387     832.254     48.1017
0.949037     2868.16     167.789
0.974686     6039.21     354.884
1.00034     9332.07     546.768
1.02599     11704.1     682.811
1.05164     12796.1     744.727
1.07728     12748.2     743.233
1.10293     12033.9     701.158
1.12858     11017.5     642.154
1.15423     9893.39     576.177
1.17988     8730.65       507.1
1.20553     7810.41      453.44
1.23118     6939.39     404.342
1.25683     6242.18     363.598
1.28248     5603.23     327.221
1.30813      5087.1     296.639
1.33378     4706.66     274.043
1.35943     4360.71     253.567
1.38508     4041.12     235.307
1.41073      3835.3     222.712
1.43638      3658.8      212.12
1.46203        3522     205.314
1.48768     3435.45     200.276
1.51333     3388.09     198.072
1.53898     3364.91     196.656
1.56463     3321.72     193.653
1.59028     3378.46     196.349
1.61593     3456.51     200.556
1.64158     3526.16     205.823
1.66723     3637.76      212.43
1.69288     3767.83     220.184
1.71853      3919.7     228.314
1.74418     4103.47     240.541
1.76983     4322.65     253.016
1.79547     4508.07     262.633
1.82112     4724.12     274.863
1.84677     4911.04     286.982
1.87242     5124.45     299.165
1.89807     5286.84     310.009
1.92372      5490.9     321.771
1.94937     5649.07     330.626
1.97502     5745.81     336.633
2.00067     5896.46     343.847
2.02632        5980     348.151
2.05197     6057.31     352.042
2.07762     6064.83     351.787
2.10327     6038.39     350.556
2.12892     5972.13     346.351
2.15457     5882.19     340.681
2.18022      5756.9     333.814
2.20587     5629.61     326.122
2.23152     5462.04      317.78
2.25717     5337.83     311.065
2.28282        5188     302.636
2.30847     5042.52     294.173
2.33412     4902.63     286.082
2.35977     4814.82     280.731
2.38542     4685.33     273.391
2.41107     4632.74     271.019
2.43672     4583.66     267.339
2.46237     4540.88     264.184
2.48802     4479.26      261.42
2.51366      4464.7     260.331
2.53931     4453.74     260.177
