0           0           0
0.064633           0           0
0.129266           0           0
0.193899           0           0
0.258532           0           0
0.323165           0           0
0.387798           0           0
0.452431           0           0
0.517064           0           0
0.581697           0           0
0.64633           0           0
0.710963           0           0
0.775596           0           0
0.84023    0.981241   0.0467691
0.904863     116.515     7.94464
0.969496     465.531     31.1201
1.03413     651.433      49.674
1.09876     606.641     47.3787
1.16339     587.111     46.4802
1.22803     531.541     41.9696
1.29266     484.975      37.331
1.35729     453.226      33.956
1.42193     448.172     32.6173
1.48656     401.865     29.6735
1.55119     430.487     31.2177
1.61583     435.431     31.5212
1.68046     418.602     29.8744
1.74509      429.23     30.2522
1.80973     418.472     29.3401
1.87436     387.184     27.3427
1.93899     439.587     29.8751
2.00362     429.995     29.1428
2.06826     434.578     29.3356
2.13289     424.956     28.2375
2.19752     421.141     26.8403
2.26216     412.243     26.4276
2.32679     467.029     30.3573
2.39142     452.846     29.2463
2.45606     432.694      27.428
2.52069     439.281     26.8225
2.58532     455.048     26.7598
2.64995     465.845     27.2215
2.71459     491.206     27.9554
2.77922     504.293     27.7657
2.84385      521.36     27.9671
2.90849     574.823     28.6293
2.97312     703.857     28.7361
3.03775     784.961     28.6205
3.10239     603.743     27.6776
3.16702     548.742     27.4584
3.23165     523.329     27.8013
3.29629     508.687     28.3836
3.36092     476.874     27.3508
3.42555     461.918     27.4641
3.49018     456.757     27.8372
3.55482     454.923     27.9731
3.61945     433.226     27.1338
3.68408     427.684     27.1599
3.74872     427.749     27.7204
3.81335     432.558     27.8762
3.87798     428.272     27.6773
3.94262     451.305     29.0202
4.00725     443.467     28.3746
4.07188     448.561     28.1172
4.13651     455.442     27.9735
4.20115     472.099     27.8262
4.26578     534.599     28.4314
4.33041     506.429     29.0586
4.39505     471.229     28.4684
4.45968     466.095     28.5982
4.52431     454.868     27.9477
4.58895       461.5     28.5046
4.65358     463.203     29.0308
4.71821     471.855       29.54
4.78285     457.592     28.4323
4.84748     457.593     28.1015
4.91211     469.455     28.3268
4.97674      476.88      28.282
5.04138     494.076     28.1745
5.10601     550.378     29.9405
5.17064     593.435     29.5489
5.23528      678.05     29.0556
5.29991       597.7     29.1684
5.36454      552.96     29.4039
5.42918     522.069     29.2608
5.49381     510.739     29.3768
5.55844     499.257     29.4174
5.62307     488.604     29.0677
5.68771     476.365     28.8413
5.75234     467.013     28.3355
5.81697     465.082     28.0772
5.88161     477.253     28.4396
5.94624      491.59     28.8885
6.01087     514.215     29.2733
6.07551     545.563     29.4942
6.14014     491.326     28.6962
6.20477     474.888     28.5938
6.2694     467.006     28.4378
6.33404     464.906      28.292
6.39867      467.01     28.4191
0           0           0
0.064633           0           0
0.129266           0           0
0.193899           0           0
0.258532           0           0
0.323165           0           0
0.387798           0           0
0.452431           0           0
0.517064           0           0
0.581697           0           0
0.64633           0           0
0.710963           0           0
0.775596           0           0
0.84023     1.84394   0.0670096
0.904863     60.1664     3.28463
0.969496     480.171     27.3279
1.03413     883.204     52.5984
1.09876     1006.91     56.2928
1.16339     926.013     53.1938
1.22803     697.953     44.2857
1.29266     670.269     42.1857
1.35729     619.906      39.856
1.42193     636.987     38.1553
1.48656     566.515     35.1463
1.55119     540.717     31.8841
1.61583     561.554     32.1496
1.68046     537.149     31.3134
1.74509     500.309     29.6762
1.80973      512.93     30.2411
1.87436     517.375     30.7669
1.93899     522.131     31.5575
2.00362     521.537     31.7099
2.06826     515.125      30.864
2.13289     543.069      31.649
2.19752     528.594     31.3104
2.26216     499.007     29.4281
2.32679     517.637     31.0749
2.39142     503.727     30.4214
2.45606     504.836     30.9231
2.52069     489.378     29.7919
2.58532     474.876     28.8413
2.64995     477.086     28.1638
2.71459     493.747     27.7463
2.77922     499.324     28.3261
2.84385     532.864     30.7222
2.90849     490.934     29.1757
2.97312      498.85     29.2946
3.03775     457.588     27.2266
3.10239     448.042     27.3653
3.16702     473.423     28.8654
3.23165     489.257      29.101
3.29629      485.55      29.278
3.36092     493.139     29.8713
3.42555     476.553     28.8371
3.49018     489.207     29.0713
3.55482     496.594     27.9301
3.61945     501.231     28.5946
3.68408     480.134     28.0708
3.74872     466.288     27.5511
3.81335     472.564     27.9151
3.87798     476.293     28.5905
3.94262      451.89     27.1669
4.00725     462.789      27.986
4.07188     473.536     28.8627
4.13651     471.809      28.613
4.20115     484.819     29.0295
4.26578      476.82     27.8366
4.33041     484.878     28.3533
4.39505     492.637     28.7153
4.45968     487.071     28.9201
4.52431     483.595      28.779
4.58895     486.641     29.5792
4.65358     477.591     28.6265
4.71821      479.49     28.4181
4.78285     469.286     28.0405
4.84748     475.035     27.9466
4.91211     479.485     27.9746
4.97674     479.068     28.0428
5.04138     508.457     29.7849
5.10601     503.947      29.546
5.17064     496.064     28.9101
5.23528     490.552     28.5048
5.29991     484.668     28.5166
5.36454     498.455      28.714
5.42918     486.917     28.3707
5.49381     490.133     28.4788
5.55844     498.273     28.4759
5.62307     485.204      27.984
5.68771     495.301     28.7562
5.75234     493.342     28.5622
5.81697     490.479     28.2465
5.88161     490.672     28.0349
5.94624     505.284     28.5304
6.01087     510.221     28.7713
6.07551     521.975     29.6854
6.14014     511.901     29.1375
6.20477     511.514     29.4893
6.2694     507.566     29.4225
6.33404     493.098     28.7086
6.39867     499.022     29.0392
0           0           0
0.064633           0           0
0.129266           0           0
0.193899           0           0
0.258532           0           0
0.323165           0           0
0.387798           0           0
0.452431           0           0
0.517064           0           0
0.581697           0           0
0.64633           0           0
0.710963           0           0
0.775596           0           0
0.84023     2.55039    0.108086
0.904863     67.1109     4.74081
0.969496     630.141     35.9456
1.03413     984.349      57.857
1.09876     1125.57     70.4823
1.16339     1070.68     62.8943
1.22803     1007.42     58.3082
1.29266     923.573     54.5679
1.35729     851.196     48.9388
1.42193     779.217     46.6765
1.48656      684.82     42.4006
1.55119     628.308     39.0736
1.61583     613.108     37.7096
1.68046     597.132     35.6107
1.74509     573.277      33.638
1.80973     573.496     34.1325
1.87436     570.329     33.8473
1.93899     587.402     33.8765
2.00362     561.027     33.2586
2.06826     553.213     32.1389
2.13289     532.732     32.0213
2.19752      546.06     31.8151
2.26216     583.979     32.7569
2.32679     565.987     31.1201
2.39142     537.599     31.0082
2.45606     535.627     31.3384
2.52069     534.347     31.2563
2.58532     520.256     30.9568
2.64995     524.355     31.2587
2.71459     516.832     29.6998
2.77922     509.771     29.0431
2.84385     509.722     28.8433
2.90849      504.24     28.3771
2.97312     510.368     28.8523
3.03775     526.817     30.0616
3.10239     503.683     29.3683
3.16702     471.198     27.9241
3.23165     484.831      27.995
3.29629     491.377     28.2945
3.36092     505.417     29.2067
3.42555      498.88     28.3866
3.49018     517.188     30.3579
3.55482     509.074     30.2725
3.61945     513.661     29.7785
3.68408     516.748     29.3784
3.74872     499.132     29.1788
3.81335     496.423     28.7452
3.87798     497.115     28.1415
3.94262     467.015     26.8413
4.00725     485.396     27.9976
4.07188     475.593     27.7408
4.13651     476.545     27.7154
4.20115     480.004     27.7885
4.26578     497.493     29.0104
4.33041     499.614     29.2147
4.39505     494.651     29.0943
4.45968     483.712     28.6192
4.52431     495.165     29.4218
4.58895     497.111     29.0576
4.65358     500.699     29.8168
4.71821     504.566     29.1518
4.78285     490.252     28.3357
4.84748      490.52     28.6068
4.91211      496.75     28.9738
4.97674     491.551      29.076
5.04138     480.826     28.0636
5.10601     480.558     28.6333
5.17064     472.627     27.9245
5.23528     492.945     28.8777
5.29991     482.769     28.3534
5.36454     487.334      28.675
5.42918     500.655     29.3524
5.49381     489.693     28.5139
5.55844     477.268     28.1233
5.62307     494.728     28.6118
5.68771     483.632      28.362
5.75234     493.349     28.6649
5.81697     489.685     28.5641
5.88161     483.843     28.1259
5.94624     494.401     28.7427
6.01087      487.18     28.6584
6.07551     482.469      28.778
6.14014     490.966     28.8929
6.20477     495.589      29.118
6.2694     481.493     28.3813
6.33404     476.066     27.9306
6.39867     472.347     27.7683
0           0           0
0.064633           0           0
0.129266           0           0
0.193899           0           0
0.258532           0           0
0.323165           0           0
0.387798           0           0
0.452431           0           0
0.517064           0           0
0.581697           0           0
0.64633           0           0
0.710963           0           0
0.775596           0           0
0.84023           0           0
0.904863     77.4782      4.5823
0.969496     550.227     31.5787
1.03413      1060.8     63.4874
1.09876     1186.46     70.2803
1.16339     1079.83     66.5135
1.22803     1026.98     61.7473
1.29266     885.031     52.2941
1.35729     728.702     42.2417
1.42193     735.288     41.3579
1.48656     677.492     40.0099
1.55119     623.654     36.4346
1.61583     579.129     33.1626
1.68046     566.545     31.4774
1.74509     511.649     29.5964
1.80973     524.801     30.8115
1.87436       514.9     30.4291
1.93899     516.312     28.9872
2.00362     507.379     29.0546
2.06826     528.627     30.6247
2.13289     606.213     33.9627
2.19752     611.018     34.3184
2.26216     580.882     31.1854
2.32679     596.333     33.1292
2.39142     598.583      32.214
2.45606     579.454     31.9876
2.52069      568.99     32.2358
2.58532     555.159     30.4495
2.64995     515.367     28.9728
2.71459     523.111      29.967
2.77922     512.654     29.2069
2.84385     499.582     27.8728
2.90849     481.378     26.8909
2.97312     485.991     27.2387
3.03775     479.812     27.6468
3.10239       507.4     29.1839
3.16702     481.931     27.9064
3.23165     484.758     27.7895
3.29629       508.4     29.2249
3.36092     515.902     29.0852
3.42555      496.16     28.1648
3.49018     484.307     27.5264
3.55482     480.138     28.5265
3.61945     475.743     28.0912
3.68408     488.988     28.4267
3.74872      491.69      29.129
3.81335     466.285     28.2475
3.87798     474.333     28.2942
3.94262      475.79     27.9955
4.00725     479.258     28.6138
4.07188     480.684     28.6851
4.13651     508.405     29.8229
4.20115     501.767     29.5647
4.26578     487.978     28.9062
4.33041     487.668     28.7056
4.39505     489.217     28.5664
4.45968     495.912     28.7374
4.52431     507.434     28.7214
4.58895     505.642     28.3476
4.65358     523.456      29.222
4.71821     516.547     29.2798
4.78285     518.005     29.4546
4.84748     514.662     29.8035
4.91211     519.513     29.7798
4.97674      485.66     28.3492
5.04138     487.374     28.4238
5.10601     491.442      28.096
5.17064     506.266     29.7307
5.23528     507.637     30.0157
5.29991     514.534     30.2152
5.36454     496.707     29.1448
5.42918     482.111     28.1124
5.49381     492.131     28.6611
5.55844     485.696     28.4904
5.62307     477.566     27.9275
5.68771     487.316     28.1186
5.75234     484.614      28.314
5.81697     486.981     28.5408
5.88161     493.113     28.5723
5.94624     495.791      29.215
6.01087     495.343     28.9378
6.07551     495.645     28.9848
6.14014     492.419      29.052
6.20477     496.717     29.4967
6.2694     500.596     29.2869
6.33404     499.277     29.4471
6.39867     499.123     29.3669
0           0           0
0.064633           0           0
0.129266           0           0
0.193899           0           0
0.258532           0           0
0.323165           0           0
0.387798           0           0
0.452431           0           0
0.517064           0           0
0.581697           0           0
0.64633           0           0
0.710963           0           0
0.775596           0           0
0.84023    0.636399   0.0596342
0.904863     73.7752     4.12824
0.969496     480.883     28.8116
1.03413     998.774     58.5455
1.09876     1162.09     71.1654
1.16339     1080.72     60.5228
1.22803     1039.81      57.559
1.29266     857.788     49.0978
1.35729     762.634     44.8679
1.42193     620.602     35.8883
1.48656     628.927     35.2938
1.55119     527.423     29.9699
1.61583     530.981     29.8668
1.68046     593.335     33.2174
1.74509     583.794     33.2241
1.80973     557.821     31.7102
1.87436     509.682     30.2679
1.93899      518.99     30.6694
2.00362     549.599     32.2704
2.06826      521.75     30.1163
2.13289     509.718     29.7482
2.19752      532.81     29.4638
2.26216     530.368     29.5038
2.32679     501.901     28.6489
2.39142     506.803      28.739
2.45606      504.18     30.1642
2.52069     509.194     30.9637
2.58532     519.695     30.5661
2.64995     475.253     28.5477
2.71459     470.384     29.0496
2.77922     500.011     28.3292
2.84385     466.236     27.1277
2.90849     474.024     27.0788
2.97312     462.681     26.5981
3.03775     471.509     27.0676
3.10239     513.702     29.1492
3.16702     480.644     27.4841
3.23165     476.614     27.4871
3.29629     457.057     26.3462
3.36092     465.958     27.1774
3.42555     474.599     27.6144
3.49018     459.788     26.5129
3.55482     481.076     27.3914
3.61945     502.346     28.9921
3.68408     495.502     28.5238
3.74872     507.441     29.6315
3.81335      501.32     29.1215
3.87798     476.215     27.6558
3.94262     485.757     28.4011
4.00725     477.373     28.2103
4.07188     471.625     28.0922
4.13651     478.378     27.7087
4.20115     486.077     28.2578
4.26578     482.273      28.645
4.33041     480.659     28.3091
4.39505     481.774      28.121
4.45968     469.033     28.0618
4.52431     479.429      28.708
4.58895     488.063     28.8682
4.65358     492.025     28.9558
4.71821     492.283      28.343
4.78285      488.61     28.5137
4.84748     492.197     28.8851
4.91211      478.98     28.3419
4.97674     484.347     28.4885
5.04138     510.081     29.9245
5.10601     503.511     29.3666
5.17064      496.18     28.7629
5.23528     509.316     29.7153
5.29991     498.342     29.0914
5.36454     484.846      28.382
5.42918     477.231     28.0559
5.49381     477.814     27.8607
5.55844     496.147     28.9949
5.62307     494.626     28.6323
5.68771      493.91     28.1006
5.75234      502.86     28.4417
5.81697     513.696     29.4176
5.88161     503.107     29.4052
5.94624     495.894     29.0222
6.01087     501.619      28.966
6.07551     500.753     29.2549
6.14014     513.253     29.6607
6.20477     497.199     28.8349
6.2694     508.768     29.1229
6.33404     498.167     28.7075
6.39867     504.956     29.3375
0           0           0
0.064633           0           0
0.129266           0           0
0.193899           0           0
0.258532           0           0
0.323165           0           0
0.387798           0           0
0.452431           0           0
0.517064           0           0
0.581697           0           0
0.64633           0           0
0.710963           0           0
0.775596           0           0
0.84023     1.26083    0.119087
0.904863     62.2055     3.56484
0.969496     468.119       28.78
1.03413     1047.04     57.4238
1.09876     1211.33     68.8898
1.16339     1105.88     63.2904
1.22803      935.78     51.1455
1.29266     750.974     41.7728
1.35729     727.997     42.8267
1.42193     660.205     40.5201
1.48656     598.703     35.6065
1.55119     539.645     31.6442
1.61583     546.684     32.3612
1.68046     506.676     30.5191
1.74509     484.571     29.4707
1.80973     462.734     28.2487
1.87436     442.375     27.3625
1.93899     446.481     27.6769
2.00362     456.515     27.5681
2.06826     446.845     27.4894
2.13289     458.377     27.8693
2.19752     434.633     26.3962
2.26216     464.265     29.3828
2.32679     471.249      29.802
2.39142     479.707     29.7239
2.45606     489.395     29.6153
2.52069     505.934     29.6351
2.58532     487.063     28.9994
2.64995     463.384     27.3863
2.71459     480.617     28.2158
2.77922     509.203     30.1012
2.84385     497.403     29.6456
2.90849     485.019     28.7416
2.97312     503.783     29.5104
3.03775     483.356      28.054
3.10239      488.59     28.4262
3.16702     522.992     29.1615
3.23165     489.713     27.5044
3.29629     492.871     28.5258
3.36092     503.636     29.6763
3.42555      503.67     29.7198
3.49018     514.709     30.1973
3.55482     511.505     29.7661
3.61945     503.907     29.1244
3.68408      495.21     28.4971
3.74872     490.287     28.4255
3.81335     479.428      27.983
3.87798     467.275     27.2994
3.94262     469.536     27.2638
4.00725     486.222     28.4744
4.07188     470.517     27.6728
4.13651     486.015     28.1539
4.20115     511.888     29.7478
4.26578     503.258     29.6837
4.33041     489.411     29.0246
4.39505     493.184     28.6174
4.45968     490.988     28.9524
4.52431     484.749     27.8588
4.58895     496.437     28.7665
4.65358     495.462     28.8894
4.71821     493.071     28.9144
4.78285     479.902     28.3277
4.84748     488.933     28.7178
4.91211      495.26     29.0031
4.97674     502.294     29.2253
5.04138     487.729     28.4592
5.10601     478.942     28.1125
5.17064     477.533     27.9177
5.23528     470.933     27.5385
5.29991     487.325     28.2744
5.36454     491.591     27.9678
5.42918     487.185     28.0397
5.49381     493.027     28.0965
5.55844     502.822      28.423
5.62307     507.021     29.2715
5.68771     527.646     30.3486
5.75234     507.896     29.3916
5.81697     508.371     29.7977
5.88161     505.643       29.66
5.94624     504.876     29.7308
6.01087     504.724     29.0037
6.07551     493.626     28.3465
6.14014     483.795     27.7201
6.20477     491.914     28.2951
6.2694     502.603     28.8571
6.33404      501.58     28.6328
6.39867     511.174     29.3866
0           0           0
0.064633           0           0
0.129266           0           0
0.193899           0           0
0.258532           0           0
0.323165           0           0
0.387798           0           0
0.452431           0           0
0.517064           0           0
0.581697           0           0
0.64633           0           0
0.710963           0           0
0.775596           0           0
0.84023           0           0
0.904863     84.2333     4.68943
0.969496     467.744     29.9847
1.03413     918.452     53.4127
1.09876     1000.98     54.7207
1.16339     928.125     50.3534
1.22803     767.305     44.5095
1.29266     747.961     41.5128
1.35729     673.718     39.1448
1.42193     577.783     35.5459
1.48656     496.957     32.6274
1.55119     469.516      30.988
1.61583     482.157      30.976
1.68046     510.743      31.681
1.74509     516.069      29.928
1.80973     473.982     29.0307
1.87436     466.646     28.4651
1.93899     491.691     29.6081
2.00362      468.75     29.0819
2.06826     500.157     29.0772
2.13289     500.208     30.3268
2.19752     482.617     29.1946
2.26216     437.969     26.4415
2.32679     457.091     27.2514
2.39142     467.604     27.1737
2.45606     445.862     26.6192
2.52069     457.659     27.4956
2.58532     459.798     27.1762
2.64995     457.575     27.3217
2.71459     457.626     26.9559
2.77922     476.423     27.2643
2.84385     464.424     26.6105
2.90849     464.038     27.2424
2.97312     453.465     27.1254
3.03775     448.899     26.7362
3.10239     455.552     26.3562
3.16702     455.802      26.178
3.23165     471.458      27.135
3.29629     477.407     27.1113
3.36092     474.882     27.4893
3.42555     467.607     27.1609
3.49018     468.734     27.2686
3.55482     470.375     27.1522
3.61945     474.888     27.8265
3.68408     489.132     27.8554
3.74872     465.979     27.0133
3.81335     483.872     27.3847
3.87798     495.392      27.739
3.94262     493.953     28.0608
4.00725     483.896     27.2683
4.07188     462.428     26.5583
4.13651     485.056     27.9528
4.20115     485.097     28.0514
4.26578     487.025     28.1623
4.33041     494.048     28.0016
4.39505     495.245     27.7798
4.45968     501.366     28.4062
4.52431     498.836     28.7096
4.58895     489.416     28.2189
4.65358     473.193     27.2513
4.71821     485.372     28.1194
4.78285     497.114     28.2304
4.84748     499.998     28.9436
4.91211     507.084     29.2345
4.97674     493.199     28.7966
5.04138     489.248      28.546
5.10601     500.132     29.1547
5.17064     503.266     29.3936
5.23528     494.897     29.1708
5.29991     479.543     28.1935
5.36454      497.65     28.5122
5.42918     498.617      28.748
5.49381     522.327      29.867
5.55844     505.678     28.8347
5.62307     502.852     28.9335
5.68771     502.379     29.4394
5.75234     492.165     28.6255
5.81697      506.41     28.9138
5.88161     498.881     28.8177
5.94624      501.34     29.0898
6.01087     506.137     29.3247
6.07551     506.936     29.5747
6.14014     510.519     30.1595
6.20477     497.997     29.8132
6.2694     515.793      30.014
6.33404     517.813     29.9291
6.39867     514.055      29.958
0           0           0
0.064633           0           0
0.129266           0           0
0.193899           0           0
0.258532           0           0
0.323165           0           0
0.387798           0           0
0.452431           0           0
0.517064           0           0
0.581697           0           0
0.64633           0           0
0.710963           0           0
0.775596           0           0
0.84023    0.983037    0.117395
0.904863     92.4286     4.23777
0.969496     566.827     31.3319
1.03413     1103.86     63.6586
1.09876     1153.78     71.1366
1.16339     1030.34     62.0351
1.22803     921.512     53.8094
1.29266     868.103     47.7281
1.35729     833.865     46.5622
1.42193     763.597     44.5906
1.48656     689.165     42.3314
1.55119     703.442     42.0882
1.61583     611.969     34.7537
1.68046      559.85     32.5718
1.74509     558.951     33.8234
1.80973     578.445     34.6094
1.87436     544.751     32.4721
1.93899     537.647      31.356
2.00362     511.181     30.3439
2.06826     554.179     32.2337
2.13289     539.625     31.9369
2.19752     526.713     31.0529
2.26216     519.271     30.0925
2.32679     493.952      27.618
2.39142     518.897     28.6819
2.45606     527.996     29.4066
2.52069      479.63     27.2256
2.58532     483.972     27.8469
2.64995     530.575     31.2523
2.71459     508.816     29.4249
2.77922     510.803     28.6242
2.84385     505.318     28.9431
2.90849     500.174     28.9717
2.97312     497.187     28.2728
3.03775     514.322     28.8928
3.10239     528.158     28.7835
3.16702     541.835     29.3486
3.23165      528.41     28.2975
3.29629     514.414     28.1208
3.36092      526.21     28.7525
3.42555     508.519     28.6491
3.49018     502.608     28.2985
3.55482     502.894     28.6394
3.61945     515.167     29.4779
3.68408      512.16     29.0484
3.74872     503.645     27.9748
3.81335     484.119     27.1598
3.87798     501.262     28.3231
3.94262     497.951     28.4575
4.00725     481.683     27.9348
4.07188     488.438     27.7862
4.13651     489.215     28.3991
4.20115     486.208      28.145
4.26578     471.387     27.4075
4.33041     477.885     27.4462
4.39505      476.91     27.5717
4.45968     510.824     28.4304
4.52431      485.35     28.1837
4.58895     476.057     27.4802
4.65358     486.386     28.2477
4.71821     480.451     28.3327
4.78285     470.337      27.707
4.84748     471.768      27.787
4.91211     469.057     27.7823
4.97674     486.222     28.0862
5.04138     479.336       27.83
5.10601      474.68      27.797
5.17064     485.337     28.5118
5.23528     488.727     28.6209
5.29991     480.959     27.7778
5.36454     480.661     27.8184
5.42918     475.203     27.5506
5.49381     480.863     28.0694
5.55844     475.545        27.6
5.62307     472.073     27.8268
5.68771     482.163     27.9888
5.75234     479.479     28.1583
5.81697     485.426     28.3899
5.88161     477.574     27.6932
5.94624      492.56     28.9989
6.01087     498.937     28.9212
6.07551     477.225     28.3781
6.14014     499.749     29.3935
6.20477      502.56     29.4984
6.2694     502.231     29.4206
6.33404     481.298     28.3438
6.39867     489.538     28.6972
0           0           0
0.064633           0           0
0.129266           0           0
0.193899           0           0
0.258532           0           0
0.323165           0           0
0.387798           0           0
0.452431           0           0
0.517064           0           0
0.581697           0           0
0.64633           0           0
0.710963           0           0
0.775596           0           0
0.84023     2.91528    0.213836
0.904863     691.944     40.9126
0.969496     5433.06     312.057
1.03413     10669.6     614.553
1.09876     12005.5     677.128
1.16339     10894.7     622.119
1.22803     9783.96     560.671
1.29266     8476.34     492.287
1.35729     7558.23     438.111
1.42193     7082.39      414.36
1.48656     6489.38      372.66
1.55119     6110.87     351.353
1.61583     5792.64      336.43
1.68046     5606.74     327.242
1.74509     5753.61      328.96
1.80973     5704.98     329.266
1.87436     5619.95      328.33
1.93899     5511.24     316.899
2.00362     5292.97     303.276
2.06826     5339.81     304.511
2.13289     5377.34     310.578
2.19752     5307.89      304.06
2.26216     5228.89     299.433
2.32679      5208.5     300.928
2.39142     5310.15     303.803
2.45606     5263.63     303.323
2.52069     5216.93     302.986
2.58532     5138.57     293.681
2.64995     5050.88     290.523
2.71459     5042.81       293.1
2.77922     5024.41     291.588
2.84385     4985.83     290.439
2.90849     5052.95     291.754
2.97312     4964.22     289.177
3.03775     4967.28     289.044
3.10239     5024.47     293.083
3.16702      4991.1     292.396
3.23165     5087.41     297.662
3.29629     5031.37     297.903
3.36092     5060.25     300.099
3.42555     5050.96     297.193
3.49018     5070.11      298.88
3.55482     5008.78     295.164
3.61945     4964.91     290.417
3.68408     4984.05      293.01
3.74872     4943.86     289.488
3.81335     4930.45     287.995
3.87798     4897.55     285.542
3.94262     4881.21     285.218
4.00725     4935.44     286.485
4.07188      4920.6      286.58
4.13651     4981.27     291.175
4.20115     4979.22     290.832
4.26578      4969.7     289.491
4.33041     4959.57     287.612
4.39505     4993.02     288.479
4.45968     4981.88     288.707
4.52431     4953.19     289.216
4.58895     4930.27     287.771
4.65358     4960.79     290.269
4.71821      4948.2      287.86
4.78285     4941.75     288.191
4.84748     4909.74     285.556
4.91211     4950.25     288.207
4.97674     4923.53     288.008
5.04138     4900.06     288.172
5.10601     4901.56     285.964
5.17064      4917.6     287.337
5.23528     4963.18     290.162
5.29991     4935.69     288.235
5.36454     4947.92     287.924
5.42918     4940.83     287.972
5.49381     4944.63     287.692
5.55844      4915.7     287.179
5.62307     4928.74     287.839
5.68771     4914.45     288.268
5.75234     4920.95     289.127
5.81697     4914.48     289.376
5.88161     4928.22     288.545
5.94624     4936.89     289.202
6.01087     4872.95     285.833
6.07551     4847.83     283.851
6.14014     4869.03     284.196
6.20477     4903.61     286.377
6.2694     4887.15      284.67
6.33404     4909.52     287.288
6.39867     4908.09     287.128
