           1   -0.386079   -0.386079           0
           2   -0.425048   -0.405563   0.0194845
           3   -0.415639   -0.408922   0.0117401
           4   -0.435402   -0.415542   0.0106179
           5   -0.411677   -0.414769  0.00826085
           6   -0.395746   -0.411599  0.00745292
           7     -0.3903   -0.408556  0.00699527
           8   -0.411578   -0.408934  0.00606985
           9    -0.38507   -0.406282  0.00597381
          10   -0.417884   -0.407442  0.00546765
          11   -0.427938   -0.409306  0.00528502
          12   -0.454101   -0.413039  0.00610008
          13   -0.389009    -0.41119  0.00590787
          14    -0.40058   -0.410432  0.00552188
          15    -0.37218   -0.407882  0.00573838
          16    -0.40986   -0.408006  0.00536919
          17   -0.438436   -0.409796  0.00535171
          18   -0.387205   -0.408541  0.00519938
          19   -0.437148   -0.410046  0.00514344
          20   -0.419944   -0.410541  0.00490452
          21   -0.397648   -0.409927  0.00470536
          22   -0.411876   -0.410016  0.00448726
          23   -0.432828   -0.411008  0.00440095
          24   -0.418309   -0.411312  0.00422456
          25   -0.396995   -0.410739  0.00409232
          26   -0.412434   -0.410804  0.00393231
          27   -0.426347    -0.41138  0.00382741
          28   -0.430802   -0.412074  0.00375284
          29   -0.429216   -0.412665  0.00366905
          30   -0.407367   -0.412488  0.00354904
          31   -0.400405   -0.412098   0.0034547
          32   -0.408164   -0.411975  0.00334726
          33   -0.438802   -0.412788  0.00334454
          34   -0.437291   -0.413509  0.00332375
          35   -0.368761    -0.41223   0.0034714
          36   -0.393312   -0.411705  0.00341428
          37   -0.417015   -0.411848  0.00332382
          38   -0.417139   -0.411988  0.00323816
          39   -0.391648   -0.411466  0.00319687
          40   -0.378618   -0.410645  0.00322232
          41   -0.407682   -0.410573  0.00314357
          42   -0.440494   -0.411285  0.00314945
          43   -0.412183   -0.411306   0.0030754
          44   -0.405053   -0.411164  0.00300805
          45   -0.451667   -0.412064  0.00307512
          46   -0.419903   -0.412234  0.00301235
          47   -0.397925    -0.41193  0.00296324
          48   -0.387557   -0.411422  0.00294496
          49   -0.427724   -0.411755  0.00290335
          50   -0.436878   -0.412257  0.00288873
          51   -0.421684   -0.412442  0.00283754
          52   -0.427098   -0.412724  0.00279668
          53    -0.42729   -0.412999  0.00275714
          54   -0.407887   -0.412904  0.00270725
          55   -0.440366   -0.413403  0.00270407
          56   -0.463468   -0.414297   0.0028018
          57   -0.446046   -0.414854  0.00280801
          58   -0.418804   -0.414923  0.00276001
          59   -0.411614   -0.414866  0.00271341
          60   -0.410537   -0.414794  0.00266878
          61    -0.42947   -0.415035  0.00263566
          62   -0.411504   -0.414978  0.00259343
          63   -0.390657   -0.414592  0.00258097
          64   -0.419954   -0.414676   0.0025417
          65   -0.387052   -0.414251  0.00253813
          66   -0.410853   -0.414199   0.0024999
          67   -0.417475   -0.414248  0.00246279
          68   -0.427229   -0.414439   0.0024338
          69   -0.400171   -0.414232  0.00240717
          70   -0.407779    -0.41414  0.00237432
          71   -0.446981   -0.414603  0.00238591
          72   -0.395042   -0.414331  0.00236817
          73    -0.42652   -0.414498  0.00234147
          74   -0.416386   -0.414523  0.00230975
          75   -0.385342   -0.414134  0.00231172
          76   -0.383497   -0.413731  0.00231645
          77    -0.39437    -0.41348  0.00229995
          78   -0.421673   -0.413585  0.00227271
          79   -0.391083     -0.4133  0.00226176
          80   -0.417001   -0.413346  0.00223379
          81   -0.375857   -0.412883  0.00225406
          82   -0.433779   -0.413138  0.00224094
          83   -0.402404   -0.413009  0.00221755
          84   -0.433398   -0.413252   0.0022044
          85    -0.41132   -0.413229  0.00217843
          86    -0.41108   -0.413204  0.00215309
          87   -0.360246   -0.412595  0.00221354
          88   -0.408698   -0.412551  0.00218869
          89   -0.424301   -0.412683  0.00216798
          90   -0.390872   -0.412441  0.00215742
          91   -0.452733   -0.412883  0.00217903
          92   -0.434476   -0.413118  0.00216796
          93   -0.426029   -0.413257  0.00214901
          94   -0.380494   -0.412908  0.00215441
          95   -0.393401   -0.412703  0.00214148
          96   -0.386415   -0.412429  0.00213667
          97   -0.429142   -0.412601  0.00212154
          98   -0.435113   -0.412831   0.0021123
          99   -0.412747    -0.41283  0.00209086
         100   -0.405829    -0.41276  0.00207103
