           1   0.0489638   0.0489638           0
           2   0.0493887   0.0491763 0.000212444
           3    0.049104   0.0491522 0.000124998
           4   0.0473361   0.0486982 0.000462539
           5   0.0492325   0.0488051  0.00037388
           6   0.0489678   0.0488322 0.000306475
           7   0.0492219   0.0488879 0.000264935
           8     0.04909   0.0489131 0.000230828
           9   0.0498849   0.0490211 0.000230436
          10   0.0492718   0.0490462 0.000207627
          11   0.0482222   0.0489713 0.000202195
          12   0.0481599   0.0489037 0.000196572
          13   0.0499231   0.0489821 0.000197092
          14   0.0496001   0.0490262 0.000187735
          15   0.0492487    0.049041   0.0001754
          16   0.0491049    0.049045 0.000164121
          17   0.0488357   0.0490327 0.000154655
          18   0.0494027   0.0490533 0.000147252
          19   0.0490284    0.049052 0.000139293
          20    0.049091   0.0490539 0.000132159
          21   0.0491623   0.0490591 0.000125815
          22   0.0492099   0.0490659 0.000120155
          23       0.049   0.0490631 0.000114848
          24   0.0493402   0.0490746 0.000110563
          25   0.0488666   0.0490663 0.000106375
          26   0.0499546   0.0491005  0.00010776
          27   0.0481149    0.049064 0.000109929
          28   0.0484877   0.0490434 0.000107911
          29   0.0487421    0.049033 0.000104641
          30   0.0490108   0.0490323 0.000101096
          31   0.0485943   0.0490181 9.87953e-05
          32   0.0490237   0.0490183 9.56583e-05
          33   0.0490532   0.0490194 9.27203e-05
          34   0.0496688   0.0490385 9.19576e-05
          35   0.0490453   0.0490387 8.92918e-05
          36   0.0499763   0.0490647 9.06004e-05
          37   0.0484883   0.0490491 8.94843e-05
          38   0.0485627   0.0490363 8.80332e-05
          39   0.0489738   0.0490347 8.57612e-05
          40   0.0495487   0.0490476 8.45716e-05
          41   0.0491471     0.04905 8.25188e-05
          42   0.0486103   0.0490395 8.12077e-05
          43   0.0489417   0.0490373 7.93292e-05
          44   0.0490427   0.0490374 7.75054e-05
          45   0.0481418   0.0490175 7.83337e-05
          46   0.0488026   0.0490128 7.67541e-05
          47   0.0498427   0.0490305  7.7151e-05
          48   0.0493133   0.0490364 7.57561e-05
          49   0.0484717   0.0490248 7.50834e-05
          50   0.0485116   0.0490146 7.42791e-05
          51   0.0487944   0.0490103  7.2936e-05
          52   0.0483402   0.0489974  7.2671e-05
          53   0.0489587   0.0489966 7.12904e-05
          54   0.0493515   0.0490032 7.02657e-05
          55   0.0489103   0.0490015  6.8997e-05
          56   0.0481608   0.0489865 6.93969e-05
          57   0.0486888   0.0489813 6.83683e-05
          58   0.0496877   0.0489935 6.82744e-05
          59   0.0494115   0.0490006 6.74803e-05
          60   0.0487797   0.0489969 6.64481e-05
          61   0.0486849   0.0489918 6.55496e-05
          62   0.0492957   0.0489967 6.46697e-05
          63   0.0495846    0.049006 6.43156e-05
          64    0.049162   0.0490084 6.33496e-05
          65   0.0496663   0.0490185 6.31832e-05
          66   0.0490422   0.0490189 6.22196e-05
          67   0.0487446   0.0490148 6.14205e-05
          68   0.0491234   0.0490164 6.05315e-05
          69   0.0492399   0.0490196 5.97357e-05
          70   0.0493045   0.0490237 5.90166e-05
          71   0.0489911   0.0490233 5.81813e-05
          72   0.0498277   0.0490344 5.84454e-05
          73   0.0485942   0.0490284 5.79538e-05
          74   0.0483182   0.0490188 5.79654e-05
          75   0.0489099   0.0490174 5.72058e-05
          76   0.0492011   0.0490198 5.64998e-05
          77   0.0490541   0.0490202  5.5763e-05
          78   0.0485963   0.0490148 5.53111e-05
          79   0.0497234   0.0490238 5.53383e-05
          80    0.048678   0.0490194 5.48129e-05
          81   0.0486568    0.049015 5.43167e-05
          82   0.0477724   0.0489998 5.57492e-05
          83    0.049465   0.0490054 5.53579e-05
          84   0.0487307   0.0490021 5.47926e-05
          85   0.0493082   0.0490057 5.42637e-05
          86   0.0484284    0.048999 5.40476e-05
          87   0.0496301   0.0490063  5.3913e-05
          88   0.0490255   0.0490065 5.32973e-05
          89   0.0488752    0.049005 5.27157e-05
          90   0.0498487   0.0490144 5.29628e-05
          91   0.0483561   0.0490072 5.28747e-05
          92   0.0488672   0.0490056 5.23189e-05
          93    0.048658   0.0490019 5.18881e-05
          94   0.0493487   0.0490056 5.14655e-05
          95   0.0493344    0.049009 5.10384e-05
          96   0.0489858   0.0490088 5.05045e-05
          97   0.0490654   0.0490094 4.99846e-05
          98   0.0490615   0.0490099 4.94747e-05
          99    0.048932   0.0490091 4.89788e-05
         100    0.049204   0.0490111 4.85257e-05
