0           0           0
0.0230664           0           0
0.0461329           0           0
0.0691993           0           0
0.0922657           0           0
0.115332           0           0
0.138399           0           0
0.161465           0           0
0.184531           0           0
0.207598           0           0
0.230664           0           0
0.253731           0           0
0.276797           0           0
0.299864           0           0
0.32293           0           0
0.345996           0           0
0.369063           0           0
0.392129           0           0
0.415196           0           0
0.438262           0           0
0.461329           0           0
0.484395           0           0
0.507461           0           0
0.530528           0           0
0.553594           0           0
0.576661           0           0
0.599727           0           0
0.622794           0           0
0.64586           0           0
0.668926           0           0
0.691993           0           0
0.715059           0           0
0.738126           0           0
0.761192           0           0
0.784259           0           0
0.807325           0           0
0.830391           0           0
0.853458  3.1048e-07 2.18431e-07
0.876524  7.9679e-05 5.46321e-06
0.899591  0.00339456 3.48768e-05
0.922657   0.0473859 0.000145961
0.945724     0.29399  0.00048056
0.96879     1.00731 0.000910776
0.991856     2.24123  0.00115284
1.01492     3.62519  0.00107079
1.03799     4.61812  0.00107833
1.06106     4.89571  0.00150546
1.08412     4.49255   0.0016654
1.10719     3.65672  0.00131221
1.13026      2.6933  0.00100542
1.15332     1.81688 0.000643287
1.17639     1.13054 0.000565731
1.19945    0.653738 0.000555241
1.22252    0.353434 0.000509603
1.24559    0.180162 0.000387075
1.26865   0.0890584 0.000268355
1.29172   0.0494374 0.000233732
1.31479    0.042155 0.000200576
1.33785   0.0606412 0.000232947
1.36092     0.10573 0.000258456
1.38399     0.18395 0.000334553
1.40705    0.300737 0.000318017
1.43012    0.453206  0.00030792
1.45319    0.628115 0.000302662
1.47625    0.797323  0.00041725
1.49932    0.921727 0.000576359
1.52238    0.970593 0.000659299
1.54545    0.929416 0.000637266
1.56852    0.808561 0.000436943
1.59158    0.641156 0.000253206
1.61465    0.465512 0.000249106
1.63772    0.316813 0.000310049
1.66078    0.219591 0.000370587
1.68385    0.191971 0.000428911
1.70692    0.255111 0.000531118
1.72998    0.433886 0.000592547
1.75305    0.749588  0.00066703
1.77612     1.19776 0.000503803
1.79918     1.72724 0.000375808
1.82225     2.23452 0.000548468
1.84531     2.59677 0.000967272
1.86838     2.71443  0.00120198
1.89145     2.55763  0.00110874
1.91451      2.1803 0.000765464
1.93758     1.69021 0.000394168
1.96065     1.20059 0.000373076
1.98371    0.801813 0.000563779
2.00678     0.54281 0.000636242
2.02985    0.434473 0.000603784
2.05291     0.46147 0.000519857
2.07598    0.586935 0.000332193
2.09905    0.758284 0.000243494
2.12211    0.917084 0.000228427
2.14518     1.01422 0.000437549
2.16824     1.02151 0.000464365
2.19131    0.919251 0.000327815
2.21438    0.780361 0.000262568
2.23744    0.653811 0.000329094
2.26051    0.571878 0.000489954
2.28358    0.573079 0.000591739
