0           0           0
0.064633           0           0
0.129266           0           0
0.193899           0           0
0.258532           0           0
0.323165           0           0
0.387798           0           0
0.452431           0           0
0.517064           0           0
0.581697           0           0
0.64633           0           0
0.710963           0           0
0.775596           0           0
0.84023 0.000985431 5.74326e-05
0.904863    0.147384  0.00110558
0.969496     1.05744   0.0068188
1.03413     2.02837   0.0127269
1.09876     2.25813   0.0136997
1.16339     2.07663   0.0121649
1.22803     1.82808   0.0104569
1.29266     1.61334  0.00888663
1.35729     1.45067  0.00801102
1.42193     1.33226  0.00708283
1.48656     1.24719  0.00620813
1.55119     1.18388   0.0057466
1.61583     1.13799  0.00520005
1.68046     1.10512  0.00488277
1.74509     1.08564  0.00476704
1.80973     1.07079  0.00467162
1.87436     1.06094    0.004539
1.93899     1.05545  0.00472693
2.00362     1.05386   0.0045177
2.06826      1.0514  0.00447032
2.13289     1.04863  0.00420907
2.19752      1.0451  0.00411348
2.26216     1.04021  0.00403211
2.32679      1.0342  0.00379487
2.39142      1.0276  0.00371706
2.45606     1.02158  0.00349737
2.52069     1.01721  0.00336229
2.58532     1.01267  0.00334157
2.64995     1.00962  0.00323256
2.71459     1.00596  0.00313466
2.77922      1.0039  0.00301884
2.84385     1.00133  0.00293236
2.90849    0.999237  0.00285577
2.97312    0.998155  0.00273051
3.03775    0.997625  0.00264028
3.10239    0.996934  0.00259916
3.16702    0.995185  0.00257761
3.23165    0.994337  0.00242735
3.29629    0.993447  0.00242959
3.36092    0.992627  0.00237521
3.42555    0.992187  0.00233144
3.49018    0.992245  0.00233406
3.55482    0.992157  0.00235444
3.61945    0.991427  0.00228077
3.68408    0.990071  0.00228205
3.74872    0.989997  0.00217577
3.81335    0.989247  0.00206777
3.87798    0.989245  0.00207841
3.94262    0.988737   0.0020604
4.00725     0.98912  0.00195261
4.07188    0.988409  0.00193912
4.13651    0.988093  0.00191589
4.20115    0.988226  0.00191124
4.26578    0.987449  0.00185944
4.33041    0.987526  0.00179857
4.39505    0.987174  0.00174235
4.45968    0.987024  0.00170028
4.52431    0.986994  0.00168148
4.58895     0.98705  0.00170306
4.65358    0.986978  0.00159069
4.71821    0.987056  0.00153485
4.78285    0.987055  0.00153426
4.84748    0.987135  0.00150811
4.91211    0.987003  0.00145793
4.97674    0.985947  0.00145866
5.04138    0.985367  0.00141432
5.10601    0.985227  0.00140014
5.17064    0.985241   0.0013544
5.23528    0.985449    0.001218
5.29991    0.985723   0.0011928
5.36454    0.985878  0.00120784
5.42918    0.985448  0.00123833
5.49381    0.985313  0.00122791
5.55844    0.985351  0.00121254
5.62307    0.985446  0.00120484
5.68771    0.985185  0.00116013
5.75234    0.985373  0.00112331
5.81697    0.985596  0.00110824
5.88161    0.985564  0.00109403
5.94624    0.985165  0.00104628
6.01087    0.984899 0.000997259
6.07551    0.984974  0.00094624
6.14014    0.985566 0.000936783
6.20477    0.985684 0.000918987
6.2694    0.985653 0.000934734
6.33404    0.985836 0.000974617
6.39867     0.98619 0.000958661
