0           0           0
0.0256496           0           0
0.0512993           0           0
0.0769489           0           0
0.102599           0           0
0.128248           0           0
0.153898           0           0
0.179547           0           0
0.205197           0           0
0.230847           0           0
0.256496           0           0
0.282146           0           0
0.307796           0           0
0.333445           0           0
0.359095           0           0
0.384745           0           0
0.410394           0           0
0.436044           0           0
0.461694           0           0
0.487343           0           0
0.512993           0           0
0.538642           0           0
0.564292           0           0
0.589942           0           0
0.615591           0           0
0.641241           0           0
0.666891           0           0
0.69254           0           0
0.71819           0           0
0.74384           0           0
0.769489           0           0
0.795139           0           0
0.820788           0           0
0.846438 1.42002e-05  2.5915e-06
0.872088  0.00129139 2.29214e-05
0.897737   0.0241491  0.00011036
0.923387     0.16512 0.000365672
0.949037    0.563483  0.00084496
0.974686     1.20316  0.00117993
1.00034     1.86368  0.00128952
1.02599     2.33856  0.00119921
1.05164     2.55326 0.000842004
1.07728     2.54977 0.000968486
1.10293     2.40752 0.000969661
1.12858     2.19798  0.00102043
1.15423     1.97239  0.00102909
1.17988     1.75425  0.00112537
1.20553     1.55824 0.000869888
1.23118     1.38908 0.000807374
1.25683     1.24432 0.000765475
1.28248     1.12493 0.000743915
1.30813     1.02304 0.000675494
1.33378     0.94117 0.000590021
1.35943    0.872701 0.000511404
1.38508    0.817225 0.000488988
1.41073    0.772361  0.00047461
1.43638    0.737271 0.000558828
1.46203    0.710312 0.000490387
1.48768    0.691265 0.000517099
1.51333    0.678154 0.000516313
1.53898    0.672345 0.000565077
1.56463    0.671042 0.000556996
1.59028    0.675798 0.000535304
1.61593    0.686145 0.000569751
1.64158    0.701899 0.000497652
1.66723    0.723408 0.000489984
1.69288    0.749802  0.00041646
1.71853    0.780434 0.000448639
1.74418    0.815959 0.000471076
1.76983    0.854012 0.000500722
1.79547    0.894348 0.000469603
1.82112    0.935609 0.000469858
1.84677    0.977912 0.000456402
1.87242     1.01844  0.00046872
1.89807      1.0585 0.000477218
1.92372     1.09587 0.000462829
1.94937     1.13062 0.000411702
1.97502     1.16216 0.000442186
2.00067     1.18588 0.000409608
2.02632     1.20426 0.000445478
2.05197     1.21359 0.000395512
2.07762     1.21503 0.000441731
2.10327     1.20841 0.000420463
2.12892     1.19433 0.000471218
2.15457     1.17426 0.000481103
2.18022     1.15006 0.000471002
2.20587     1.12311 0.000448795
2.23152     1.09542 0.000394705
2.25717     1.06646 0.000447429
2.28282     1.03871 0.000450612
2.30847     1.01209 0.000378494
2.33412    0.987974 0.000399936
2.35977    0.966178 0.000391042
2.38542    0.947032 0.000383581
2.41107    0.931351 0.000405019
2.43672    0.918401 0.000385181
2.46237    0.908696 0.000419478
2.48802    0.894918 0.000369254
2.51366    0.885938 0.000405659
2.53931    0.885753 0.000425535
