           1     15.1488    0.302977           0
           2     15.7129    0.308861    0.435746
           3     13.5307    0.296398    0.411667
           4     12.9354    0.287195    0.372892
           5     10.4327    0.272377    0.499846
           6     10.5725    0.263059    0.542775
           7     15.1122    0.268714    0.465995
           8     8.01532    0.256295    0.533299
           9     15.9661    0.263889    0.526361
          10     17.3866    0.272646    0.501866
          11     12.9695    0.271489    0.458103
          12     16.4765    0.276612    0.440859
          13     9.07032    0.269686    0.434649
          14     11.4413    0.266845    0.407853
          15     14.9101    0.269155    0.395358
          16     13.8477    0.270216    0.408818
          17     10.0735    0.266466    0.401694
          18     14.0132     0.26724    0.379181
          19     12.7477    0.266597    0.358854
          20     12.6389    0.265914    0.340934
           1     25.4315     0.50863           0
           2     23.2059    0.486528    0.304454
           3     22.2552    0.474084    0.609118
           4     23.9778    0.475678    0.473518
           5      18.136    0.456169    0.715828
           6     25.2517    0.465798    0.699393
           7     22.8875    0.464656    0.591758
           8     22.0919    0.462166    0.538892
           9     24.7815    0.466449    0.510878
          10     27.2889    0.474956    0.488767
          11     24.4363     0.47621     0.44231
          12     26.4159    0.480817     0.41775
          13      21.874    0.478109     0.41694
          14     24.0149    0.478388    0.392348
          15     23.8979    0.479139    0.402606
          16     26.0895      0.4821    0.389212
          17     22.8056    0.480612    0.367235
          18       24.67    0.481955    0.372555
          19     21.4299    0.479206    0.355156
          20     22.9442     0.47819     0.33694
           1     25.1675    0.503351           0
           2     28.6789    0.540394    0.846635
           3     24.2097    0.521766    0.502177
           4     25.9192    0.520923    0.355425
           5     26.3899    0.522838    0.350486
           6     25.6661    0.521807    0.346814
           7     29.2643    0.530946    0.298047
           8      28.314    0.535387    0.261097
           9     25.5284    0.533667    0.313061
          10     28.5514    0.537466    0.283621
          11     24.7561    0.533726    0.262837
          12     26.6479    0.533784    0.247756
          13     24.4806    0.530654    0.245168
          14     25.2957    0.529218    0.245906
          15     25.3075    0.528117    0.251466
          16     26.4375    0.528177      0.2362
          17     25.9296    0.527635    0.222997
          18     26.2991    0.527621    0.213888
          19     24.8958     0.52612    0.205474
          20     25.9784    0.525792    0.194934
           1     24.9011    0.498022           0
           2     25.0004    0.499111    0.149133
           3      22.776    0.484787    0.164773
           4     25.3595     0.49042    0.124474
           5     26.8786    0.500689    0.250147
           6     25.4007    0.501933    0.206614
           7     27.7543    0.509528    0.174624
           8     23.9438    0.505697     0.15123
           9     24.1798    0.503258    0.135585
          10     22.8157    0.498709     0.13795
          11     25.5508    0.500255    0.160588
          12     25.1807    0.500535    0.146652
          13     24.2254    0.499384     0.14092
          14     24.9678    0.499603    0.144731
          15      26.916    0.502262    0.140157
          16     23.9155    0.500871    0.137637
          17     24.5815    0.500401    0.133444
          18     25.6803    0.501139    0.126068
          19     23.8011    0.499851    0.121345
          20     26.0419    0.500938    0.117267
           1     22.8683    0.457366           0
           2      22.541    0.454733    0.320589
           3     22.6489    0.454183    0.192524
           4     23.6792    0.459214    0.165703
           5     24.0472    0.463561    0.128387
           6     23.4752    0.464674    0.122017
           7     24.9378    0.469553    0.103749
           8     23.6122    0.469949   0.0971743
           9     22.6869    0.468183    0.089247
          10     21.5572    0.464597   0.0940846
          11     23.0634    0.464626    0.112555
          12     21.1943    0.461536    0.124538
          13     23.1384    0.461684    0.117632
          14     23.3553    0.462102    0.110589
          15     25.1644    0.464892    0.106093
          16     22.3397    0.463827    0.103092
          17     22.9559    0.463663     0.10264
          18     23.8531    0.464447   0.0988616
          19     23.1672    0.464394   0.0937765
          20     24.3938    0.465588   0.0901019
           1     22.3836    0.447671           0
           2     21.9122    0.443158    0.149242
           3     22.0278    0.442338     0.10156
           4     22.8294    0.446042    0.101027
           5     22.7561    0.447874   0.0816991
           6     21.4703    0.444816   0.0712143
           7     22.1595     0.44463   0.0673115
           8     20.7577    0.440946   0.0587673
           9     21.9136     0.44069   0.0572387
          10     21.6611    0.439969   0.0546984
          11     21.9592    0.439946   0.0548796
          12     22.0043     0.44001   0.0553636
          13     21.8031    0.439708    0.051087
          14     21.6176    0.439183   0.0473073
          15     22.1339    0.439417   0.0442143
          16     21.7749    0.439173   0.0414002
          17     21.4991      0.4387   0.0451106
          18     22.2484    0.439049   0.0426054
          19     21.2559    0.438316   0.0403592
          20     22.2376     0.43865    0.039215
           1     21.1985     0.42397           0
           2     20.7366    0.419384   0.0579182
           3     20.8699     0.41875   0.0491226
           4     21.1836    0.420048   0.0554055
           5     21.3759    0.421551   0.0447473
           6     19.7958    0.417297   0.0390135
           7     20.3706    0.415912   0.0391609
           8     20.3025    0.414681   0.0345191
           9     20.3808    0.413907   0.0319983
          10     20.2547    0.413149   0.0455303
          11     20.6829      0.4132   0.0416377
          12     20.7645    0.413436   0.0439179
          13     20.0219    0.412437   0.0404861
          14     20.0003    0.411549   0.0374857
          15     20.7046    0.411719    0.034976
          16     20.5127    0.411631   0.0329824
          17     20.0545    0.411051   0.0345912
          18     20.9295    0.411475    0.032939
          19     19.6153    0.410475     0.03209
          20     20.6889    0.410656   0.0315872
           1     19.2807    0.385614           0
           2      18.942    0.382245   0.0373004
           3     19.0456    0.381858   0.0488655
           4     19.4772    0.383779   0.0346247
           5     19.8044    0.386276   0.0343195
           6     18.0074    0.381922   0.0281029
           7     19.0094    0.381684   0.0257851
           8     19.0712    0.381661   0.0242605
           9     18.9124    0.381286   0.0220219
          10     18.7327    0.380639   0.0228452
          11      19.054    0.380679   0.0207075
          12     19.3795    0.381279   0.0220379
          13     18.9127     0.38106   0.0219888
          14     18.2675    0.379938   0.0204626
          15      18.934    0.379866   0.0203801
          16     19.4128    0.380404   0.0208035
          17     18.4167    0.379696   0.0198221
          18     19.3956    0.380154    0.018823
          19     18.9314    0.380084   0.0188243
          20     18.6495    0.379734    0.018428
           1     17.0975     0.34195           0
           2     17.8781    0.349841   0.0574627
           3     17.5203    0.350084   0.0493991
           4     17.9581    0.352356    0.035177
           5     17.6987    0.352681   0.0275244
           6      16.788    0.349877   0.0244431
           7     17.2774    0.349258   0.0207529
           8     17.3979    0.349101   0.0189024
           9     17.5741    0.349402   0.0226979
          10     17.3228    0.349113   0.0210767
          11     18.0145    0.350129   0.0192065
          12     17.7159    0.350524   0.0224849
          13     17.4617    0.350428   0.0209333
          14     16.3208    0.348715   0.0194213
          15     17.4201    0.348695   0.0182061
          16     18.2086    0.349671   0.0181464
          17     17.3863    0.349562   0.0175663
          18     17.4896    0.349596   0.0183422
          19     17.4152    0.349531   0.0175876
          20     17.1815     0.34925   0.0178203
           1     15.8892    0.317783           0
           2     16.1414     0.32053    0.090617
           3     16.1191    0.321184   0.0584437
           4     16.0622    0.321199   0.0413879
           5     16.2524    0.321969   0.0320727
           6     15.8882    0.321269   0.0261893
           7     15.9056    0.320827   0.0235546
           8     16.1743    0.321161    0.020677
           9     16.2657    0.321675   0.0245371
          10     15.6137    0.320735    0.022075
          11     16.1285    0.320902   0.0199785
          12     15.9043    0.320668   0.0183575
          13     15.8773    0.320435   0.0174447
          14       15.64    0.319889   0.0161643
          15     15.9328    0.319808    0.015106
          16     16.9668    0.321039   0.0155217
          17     16.0219    0.321012   0.0152907
          18     16.5321    0.321548   0.0144692
          19     16.0679     0.32154   0.0138358
          20     16.2031     0.32167   0.0134096
           1      14.721     0.29442           0
           2     14.7555    0.294834   0.0454568
           3     14.8739    0.295733   0.0304666
           4     14.8935    0.296294   0.0267604
           5     15.2012     0.29784   0.0209224
           6     14.7734    0.297469   0.0207584
           7     14.7922    0.297238   0.0177016
           8     14.9827    0.297541   0.0154162
           9     15.2366    0.298363   0.0170062
          10     14.4402    0.297407   0.0153128
          11     14.8189    0.297314   0.0139248
          12     14.8901    0.297356   0.0127611
          13     14.8675    0.297363   0.0125128
          14     14.3433    0.296613   0.0115852
          15     14.4762    0.296142    0.010865
          16     15.7463    0.297317   0.0104435
          17     14.9604    0.297436   0.0104952
          18     15.2525    0.297859  0.00990003
          19     14.7937    0.297754  0.00939145
          20     14.8501    0.297722  0.00941266
           1     14.0124    0.280248           0
           2     13.9098    0.279282   0.0388668
           3     13.8076    0.278239   0.0226282
           4     13.7297    0.277359   0.0231668
           5     13.9787    0.277802   0.0179817
           6     13.6738    0.277094   0.0163718
           7     13.5043    0.276098   0.0142972
           8      13.761    0.275988   0.0123844
           9     13.7085    0.275827   0.0154233
          10     13.6732    0.275612   0.0155975
          11     13.5363    0.275168   0.0142197
          12     13.9568    0.275506   0.0135025
          13     13.7692    0.275505   0.0130959
          14     13.1678    0.274638   0.0121302
          15     13.3775    0.274167   0.0113875
          16     14.2773    0.274879    0.010721
          17     13.8076    0.274955   0.0101566
          18     13.9883    0.275222  0.00960418
          19     13.6509    0.275108   0.0092607
          20     13.6296     0.27499  0.00937166
           1     12.7709    0.255418           0
           2      12.903     0.25676   0.0185564
           3     12.7798    0.256376   0.0127739
           4     12.6617    0.255595   0.0109278
           5     12.8566    0.255913   0.0112742
           6     12.3372    0.254388  0.00946114
           7      12.501    0.253767  0.00834147
           8     12.5416    0.253407  0.00867016
           9      12.483    0.253019   0.0109387
          10     12.5806    0.252893    0.011221
          11     12.3331    0.252327   0.0102942
          12     13.0447    0.253045   0.0095669
          13     12.9015    0.253432  0.00930784
          14     12.0211    0.252503  0.00867533
          15     12.5204    0.252363  0.00808069
          16     13.2121    0.253106  0.00771721
          17     12.7268    0.253191  0.00727485
          18     12.8157    0.253365  0.00690656
          19     12.6245    0.253321  0.00667322
          20     12.1794    0.252842  0.00713407
           1     11.8036    0.236071           0
           2     11.9708    0.237785   0.0237421
           3     11.8666    0.237637   0.0145991
           4     11.6245    0.236367   0.0149494
           5     11.6014    0.235513    0.013266
           6     11.4313     0.23438   0.0122076
           7     11.4732    0.233678   0.0103344
           8     11.4752    0.233157  0.00905495
           9     11.4214    0.232648  0.00949439
          10     11.2691    0.231927  0.00888715
          11     11.4041     0.23158  0.00836642
          12     11.9084     0.23213  0.00765927
          13     11.8523     0.23251   0.0072351
          14     11.0545    0.231694  0.00676198
          15     11.4958    0.231576  0.00630332
          16     12.1328    0.232268  0.00596158
          17     11.7772    0.232461  0.00561468
          18     11.7501    0.232602  0.00529481
          19      11.575    0.232545   0.0050731
          20      11.395    0.232319  0.00542452
           1     10.8908    0.217816           0
           2     10.8937    0.217861   0.0143733
           3     10.9143    0.218003  0.00845169
           4     10.8131    0.217575  0.00841384
           5     10.7282    0.216989  0.00931058
           6     10.6802    0.216436  0.00896412
           7     10.8686     0.21657  0.00768654
           8     10.4886     0.21572  0.00670782
           9     10.5915    0.215293  0.00638876
          10      10.611    0.214992  0.00634568
          11     10.5002    0.214542  0.00620074
          12     10.8717    0.214783  0.00566052
          13     10.9624    0.215126  0.00520834
          14      10.321    0.214505  0.00496233
          15     10.4491    0.214137  0.00462011
          16     11.1307    0.214667  0.00442896
          17     10.8625    0.214819  0.00418968
          18     10.7936    0.214877  0.00395086
          19     10.7656    0.214901  0.00377794
          20     10.4421    0.214603   0.0042448
           1     10.0179    0.200358           0
           2     9.88619    0.199043  0.00573451
           3     10.1187    0.200153  0.00365279
           4     9.98932    0.200068  0.00547557
           5     9.95566    0.199885  0.00609257
           6     9.79316    0.199233  0.00750288
           7     10.0967    0.199619  0.00648684
           8     9.80316    0.199176  0.00573692
           9      9.7679    0.198759  0.00573868
          10     9.93248    0.198753  0.00566934
          11     9.72537    0.198368  0.00529786
          12     10.1007    0.198672   0.0048425
          13      10.063    0.198871  0.00445862
          14     9.53589    0.198289  0.00414732
          15     9.72493    0.198036  0.00386303
          16     10.1892    0.198395  0.00364835
          17     10.0513    0.198551  0.00349694
          18     10.0586    0.198696  0.00330677
          19     9.82598    0.198583  0.00326447
          20     9.71099    0.198368  0.00345956
