           1     20.5524    0.411047           0
           2     18.4619    0.390159     0.13045
           3     20.1116     0.39424    0.167543
           4     18.1872    0.386728    0.210436
           5     17.6608    0.381779    0.589487
           6     19.1147    0.381878     0.48333
           7     17.3637    0.377897    0.532786
           8      17.769     0.37514    0.467616
           9     19.3201    0.376536    0.428059
          10     18.8514    0.376587    0.383111
          11     19.5574    0.377918    0.347251
          12     14.1941    0.372653    0.520535
          13     16.3927    0.370461    0.553487
          14     21.1279    0.374211    0.514321
          15     15.9527    0.370922    0.499127
          16     12.0722    0.365318    0.581998
          17     13.1226    0.360771    0.605981
          18     19.5011    0.363295    0.604325
          19     11.8726    0.358506    0.633137
          20     16.8673    0.357507    0.602483
           1        25.1       0.502           0
           2     19.4172    0.448463     1.20755
           3     20.8499    0.438936    0.843084
           4     23.5686    0.450651    0.960209
           5     19.4255    0.438532    0.771661
           6      18.003    0.425454    0.630445
           7     18.1822    0.416783    0.546547
           8     18.2791    0.410402    0.475221
           9     22.6538    0.415157     0.42045
          10      21.387    0.418901    0.521515
          11     21.1641     0.41933    0.473347
          12     19.9286     0.41927     0.50981
          13     20.1348    0.419031    0.511438
          14     21.2877    0.419518    0.473775
          15     18.3753    0.416509    0.459489
          16     20.1842    0.415794    0.433131
          17     21.1204    0.416428    0.415964
          18     22.3058    0.418141    0.394691
          19     17.6334    0.415854    0.411985
          20     19.4941    0.414593    0.391964
           1     23.0203    0.460407           0
           2     22.3311    0.454666    0.619027
           3     22.4668    0.453242    0.429536
           4     21.0425     0.44636    0.478728
           5     19.9148    0.436768    0.372174
           6     23.3048     0.44175    0.315019
           7     23.8284    0.447033    0.293698
           8     22.9816    0.448633     0.25685
           9     21.8272    0.447444    0.240382
          10     20.1934     0.44334    0.236973
          11     19.5623    0.438604    0.214495
          12     21.6973    0.438977    0.246797
          13     20.7142    0.437352    0.243372
          14     20.5348    0.435616    0.234939
          15     20.1093    0.433478    0.223881
          16     21.2861    0.433436    0.231128
          17     21.9456     0.43377    0.217705
          18     21.2226    0.433951    0.235542
          19     21.9514    0.434219    0.222833
          20     18.8163    0.431557    0.219864
           1     23.4142    0.468283           0
           2     20.7832    0.441983   0.0196715
           3     19.3257    0.423532   0.0486136
           4     22.6603    0.430984    0.054593
           5     22.9658    0.436753   0.0918835
           6     23.5679    0.442562   0.0893964
           7     23.7361    0.447172    0.078073
           8     20.8971    0.443721    0.102579
           9      21.423    0.442038   0.0920558
          10     21.5404    0.440916   0.0824247
          11     21.9425    0.441061    0.114268
          12     21.6895    0.440784    0.132451
          13     22.0267    0.440816    0.125731
          14     20.6335    0.438813    0.116763
          15     21.9486    0.438842    0.110069
          16     21.6715    0.438751    0.119617
          17     23.2018    0.440239    0.112449
          18     21.3812    0.439566    0.107609
          19      22.089    0.439683    0.101842
          20     20.3613    0.438071   0.0971185
           1     22.7911    0.455821           0
           2     21.1879    0.441284    0.472911
           3      21.432    0.437359    0.314537
           4     21.2901    0.434482    0.224183
           5     22.0063    0.435672    0.180881
           6     21.5205    0.434811    0.149518
           7     23.1343    0.438802    0.127909
           8     21.0603    0.436616    0.111762
           9     22.3401    0.437821    0.106154
          10     21.8051    0.437709    0.100394
          11     21.7923    0.437649   0.0999814
          12      21.091    0.436344   0.0925397
          13      21.546    0.436001    0.090907
          14     20.6899    0.434441   0.0856814
          15     22.0443    0.434873   0.0799501
          16     21.3152    0.434438   0.0818153
          17     21.9176    0.434689   0.0781182
          18     22.1064    0.435161   0.0774291
          19     21.2915    0.434673   0.0734228
          20     21.8122    0.434763   0.0703339
           1     21.5039    0.430078           0
           2     21.0284    0.425438     0.11084
           3     21.1537    0.424758     0.10215
           4     21.2157    0.424777    0.101217
           5     21.7535    0.426836   0.0784108
           6     20.6817    0.424647   0.0654742
           7     21.3411    0.424967   0.0569603
           8     20.1097    0.422222   0.0624402
           9     21.0226    0.422035   0.0562684
          10     20.6068    0.421047   0.0507396
          11     20.8204    0.420672   0.0512449
          12     20.9341    0.420585   0.0549935
          13     20.8944    0.420409   0.0534429
          14     20.3303    0.419428   0.0498083
          15     20.9615    0.419421   0.0469181
          16     20.9488    0.419408   0.0452151
          17     20.6461    0.419029   0.0427348
          18     21.2559    0.419371   0.0405273
          19     20.2837    0.418651   0.0383575
          20     21.0562     0.41879   0.0376738
           1     20.5571    0.411142           0
           2     20.2037    0.407674   0.0796972
           3     19.8969    0.404464    0.062618
           4     20.3292    0.405176   0.0842974
           5     20.4992    0.406153   0.0675055
           6     19.4268    0.403296   0.0647844
           7     19.7792    0.402195   0.0547965
           8     19.9909    0.401906   0.0484622
           9     20.0471    0.401799   0.0428061
          10     19.9608    0.401562   0.0409195
          11     20.1427     0.40168   0.0370573
          12     20.4635    0.402384     0.04093
          13     19.7135     0.40176   0.0376503
          14     19.6458    0.401135   0.0353174
          15     19.7984    0.400859   0.0389193
          16       20.07    0.400902   0.0371378
          17     19.4432    0.400205   0.0358857
          18     20.2643    0.400503   0.0349233
          19     19.2315    0.399672   0.0334332
          20     19.6676    0.399372   0.0329324
           1     18.9151    0.378302           0
           2     18.5083    0.374257   0.0429848
           3     18.5105     0.37292   0.0325171
           4     18.6209    0.372804   0.0273361
           5     19.3359    0.375607   0.0260924
           6     18.1092    0.373455   0.0376219
           7      18.832    0.373937   0.0362236
           8     18.8337    0.374294   0.0336287
           9     19.0054    0.374943   0.0302171
          10     18.6053    0.374677   0.0294462
          11      18.732    0.374679   0.0271764
          12     19.1442    0.375371    0.025651
          13      18.617    0.375152   0.0250659
          14     17.9343    0.373977   0.0234303
          15     18.1967    0.373374   0.0284262
          16      19.537    0.374473   0.0279676
          17      18.007     0.37363   0.0263997
          18     19.2817     0.37431    0.025697
          19     18.5023    0.374091   0.0247103
          20     18.1611    0.373548    0.023519
           1     16.9312    0.338623           0
           2     17.6989    0.346312   0.0157798
           3     17.1098    0.344967   0.0288186
           4     17.3637    0.345548   0.0216135
           5     17.7365    0.347384   0.0167461
           6     16.4083    0.344262   0.0285927
           7     17.1655    0.344127   0.0244256
           8     17.0708    0.343797   0.0225035
           9     17.1793    0.343807   0.0245307
          10     16.9086     0.34325   0.0228777
          11     17.6386    0.344116   0.0208266
          12      17.281    0.344262   0.0212436
          13     17.0135    0.343978   0.0216862
          14     16.0934    0.342399   0.0202375
          15     16.9136     0.34214   0.0204208
          16     18.2534    0.343578   0.0199055
          17      17.093    0.343517   0.0217658
          18     17.2913    0.343681   0.0228521
          19     16.8856    0.343367   0.0216318
          20     16.9753     0.34318   0.0209634
           1     15.7792    0.315583           0
           2      15.944    0.317298   0.0487451
           3     15.7727    0.316709   0.0364341
           4     15.8575    0.316825   0.0271751
           5     16.2262    0.318365   0.0211175
           6     15.5604    0.317189   0.0201149
           7     15.6161    0.316494   0.0171447
           8     15.7159    0.316226   0.0154194
           9     16.1566    0.317048   0.0218513
          10     15.5055    0.316355   0.0196319
          11     15.8115    0.316348    0.018226
          12     15.7358    0.316213   0.0167546
          13     15.8406    0.316271   0.0166849
          14     15.5427    0.315889   0.0159701
          15     15.7749     0.31587   0.0154915
          16      16.769    0.317095   0.0153195
          17      15.732    0.316967   0.0158194
          18     16.2574    0.317429   0.0153546
          19     15.8032    0.317358   0.0145388
          20     15.9765    0.317468   0.0139006
           1     14.6409    0.292817           0
           2     14.5585    0.291998   0.0123328
           3     14.6819    0.292548  0.00975767
           4     14.6798    0.292848   0.0205532
           5     15.0795    0.294596   0.0160413
           6     14.8009    0.294897   0.0238376
           7     14.7064    0.294787   0.0201466
           8     14.9663    0.295364    0.018413
           9     15.0489    0.296007   0.0186542
          10     14.3888    0.295185   0.0167169
          11     14.5526     0.29481   0.0152144
          12     14.6216    0.294615   0.0141499
          13     14.8104    0.294747   0.0139651
          14     14.2878    0.294105   0.0129294
          15     14.5434    0.293889     0.01205
          16     15.5715    0.294989   0.0118109
          17     14.7199    0.294966   0.0120635
          18     15.0659    0.295319   0.0113882
          19     14.8996     0.29546   0.0107733
          20     14.7904     0.29548   0.0104623
           1     13.7773    0.275546           0
           2     13.6823    0.274601    0.011602
           3      13.675    0.274234  0.00687543
           4     13.4975    0.273189   0.0162292
           5     13.9593    0.274389   0.0126242
           6     13.4368    0.273499   0.0182304
           7     13.5074    0.273024   0.0157044
           8     13.5852    0.272859   0.0136079
           9     13.5962    0.272782    0.014898
          10     13.2536    0.272019   0.0139297
          11     13.3064    0.271484   0.0126438
          12      13.557    0.271457   0.0117124
          13     13.7299    0.271704   0.0113186
          14     13.1325    0.271057   0.0104848
          15     13.3336    0.270766  0.00989418
          16     14.2608    0.271671  0.00966661
          17     13.6358    0.271739  0.00956407
          18     13.8461    0.272027  0.00904182
          19     13.7231    0.272156  0.00856358
          20      13.684    0.272238  0.00854923
           1     12.5875    0.251749           0
           2     12.8272    0.254151  0.00681218
           3     12.8317    0.254979  0.00413195
           4     12.5018    0.253754  0.00983681
           5     12.6543    0.253622  0.00802952
           6      12.233    0.252147  0.00971644
           7     12.2746      0.2512  0.00850769
           8     12.3433    0.250661   0.0080865
           9      12.416    0.250423    0.010025
          10     12.3125    0.250012  0.00952875
          11     12.0969    0.249278   0.0087306
          12     13.0373    0.250233  0.00799272
          13     12.7377    0.250588  0.00818232
          14     12.0463    0.249897   0.0076176
          15     12.5519    0.249975  0.00718915
          16     13.1055    0.250734  0.00698822
          17     12.6834    0.250909  0.00672506
          18     12.4812     0.25084   0.0065629
          19     12.5609     0.25086  0.00627084
          20     12.3121    0.250635  0.00652773
           1     11.6019    0.232039           0
           2     11.8567    0.234612   0.0176836
           3     11.8216    0.235219    0.010266
           4     11.4507     0.23369   0.0142453
           5     11.6774    0.233673   0.0128728
           6     11.3179    0.232491    0.014237
           7      11.409    0.231876   0.0120661
           8     11.2677    0.231061   0.0104864
           9     11.3002    0.230508  0.00997853
          10     11.1826    0.229825  0.00903602
          11     11.2683     0.22942  0.00820813
          12     11.7408    0.229869   0.0074931
          13     11.8373    0.230399  0.00701939
          14     10.9603    0.229599   0.0065145
          15     11.4527    0.229563  0.00607259
          16     12.2198    0.230491  0.00601378
          17     11.5207    0.230491  0.00600617
          18     11.6667     0.23065  0.00572117
          19      11.587    0.230708  0.00542854
          20     11.3406    0.230521  0.00589381
           1     10.7751    0.215501           0
           2     10.7316    0.215068  0.00454811
           3     10.9175    0.216163  0.00262845
           4     10.7035    0.215653  0.00828353
           5     10.7048     0.21535  0.00800634
           6     10.6063    0.214844   0.0107257
           7     10.8076    0.215033  0.00940447
           8     10.3746    0.214091  0.00821558
           9     10.4981    0.213635  0.00748745
          10     10.5341    0.213342  0.00685071
          11     10.4675     0.21298  0.00636007
          12     10.8795    0.213364  0.00580869
          13     10.8594    0.213658  0.00536649
          14     10.3187    0.213138  0.00498141
          15     10.4399    0.212849  0.00469203
          16     11.2594    0.213621  0.00459986
          17     10.7131    0.213659  0.00440859
          18     10.6802    0.213656  0.00416984
          19     10.8841    0.213869  0.00395508
          20     10.3796    0.213563  0.00462626
           1     9.85311    0.197062           0
           2     9.82285     0.19676  0.00200829
           3     10.1314    0.198717  0.00475969
           4     9.93287    0.198708  0.00568437
           5     9.90642    0.198594  0.00487158
           6     9.77114    0.198091  0.00796461
           7     10.0905    0.198623  0.00695124
           8     9.67262    0.197978  0.00606841
           9     9.84648    0.197865  0.00568514
          10     9.88897    0.197864  0.00586303
          11      9.6906    0.197495  0.00531833
          12     10.0644    0.197812  0.00501628
          13     9.96399    0.197925   0.0046342
          14     9.52701    0.197398  0.00429179
          15     9.71359     0.19719  0.00405016
          16     10.1485    0.197551   0.0038597
          17     9.98411    0.197677  0.00362565
          18     9.96266    0.197764  0.00342097
          19     9.90887    0.197787  0.00328851
          20     9.74797    0.197647  0.00331366
