           1     4390.65     7.84711           0
           2     4264.66     6.90244     1.29859
           3      4485.8      5.6923     2.62189
           4     4491.72     5.30352     2.16253
           5     4628.45     4.98011     2.25255
           6     4656.85     4.59706     2.24049
           7     4416.88     4.81476     1.94557
           8     4782.79     4.35167      2.2308
           9     4343.47     4.74957     2.14322
          10     4332.43     4.81736      1.9809
          11     4562.96      4.7053     1.81953
          12     4392.51     6.48043     2.53579
          13     4674.24     6.12667      2.4491
          14     4587.11     5.94106      2.2973
          15     4383.06     5.77189     2.14459
          16     4522.72     9.93409     4.52148
          17     4646.97     9.77095     4.27356
          18     4461.92      9.4089     4.04945
          19     4469.79     9.10776     3.84608
          20     4507.09     8.85732     3.66347
           1     2943.29     10.9156           0
           2     2888.39     15.4999     5.01809
           3     3109.48     15.1513     3.62167
           4     2822.04     13.8302     2.74493
           5     3249.35     12.5389     3.57773
           6      2719.8     15.2383     4.65082
           7     2921.26     14.5003     4.00901
           8     2702.46     14.7478     3.60214
           9     2832.05     15.4574     3.27984
          10     2790.79     14.9822     2.95983
          11     2843.63     14.7708     2.68449
          12     2687.29     14.6408     2.47838
          13     3122.84     14.1457     2.49111
          14     2982.14     14.1034     2.31947
          15     2615.13     14.1966     2.23361
          16     2722.69     13.8846     2.10409
          17     2900.01     13.8132     1.98143
          18     2561.05     13.9887      1.9616
          19     2887.08     15.8629     2.57746
          20     2800.26     15.8393      2.4452
           1     1499.73     20.0249           0
           2     1756.14     17.9606     5.67983
           3      1637.9     17.5655     3.35336
           4     1676.69     17.4448     2.42919
           5     1826.04     16.5167     2.70019
           6     1538.49     17.3368     2.52462
           7     1691.17      17.301     2.14818
           8     1696.76     17.4545     1.86051
           9     1520.15     17.6607     1.73104
          10     1592.17     17.1741     1.61191
          11     1699.05     17.3089     1.46061
          12      1642.2     17.3759     1.33293
          13     1540.08     17.1887     1.23817
          14     1499.72     17.2176      1.1792
          15     1448.51      17.055     1.12466
          16     1684.92     16.7194     1.14683
          17     1639.95     16.9907      1.0993
          18     1618.63     16.9849     1.03647
          19     1475.38     17.2639     1.07217
          20     1585.26     17.3808     1.02406
           1     901.476     13.4231           0
           2     909.216     12.9655     0.55503
           3     884.237     12.6644    0.389554
           4     911.932     12.6133    0.310417
           5     1079.96     12.5954     1.06824
           6     931.415     12.9758    0.942826
           7     964.188     12.8957    0.823291
           8      875.84     13.0267    0.775792
           9     930.743      13.178    0.695311
          10     844.056     13.3171    0.706869
          11     1064.99     13.4551    0.704276
          12       975.4     13.8011    0.693669
          13     870.322     13.6527     0.64996
          14     837.061     13.6084    0.621203
          15     1058.48     13.5277    0.665259
          16     923.294      13.478     0.62469
          17     878.312      13.429    0.590234
          18     885.884     13.3312    0.562324
          19     835.707     13.3554    0.550813
          20     973.378     13.3196    0.534317
           1     573.967      9.4769           0
           2     599.879     9.90623    0.307964
           3     599.019     9.57763    0.474288
           4     573.961     9.33634    0.389611
           5     645.718     9.27396    0.500871
           6     548.756     9.21933    0.449279
           7     570.276      9.2731     0.39432
           8     556.323     9.36281    0.380263
           9     613.384     9.45359    0.341577
          10     514.935     9.50505    0.381162
          11     697.036     9.63185    0.418588
          12     518.279     9.59227    0.405134
          13     593.049     9.59465    0.373528
          14     542.997     9.56952      0.3514
          15     670.278      9.5689    0.371504
          16     575.343      9.5333    0.349179
          17     537.566     9.50914    0.333679
          18     632.695     9.58089    0.319094
          19     626.076      9.6389    0.304582
          20     612.788     9.61112    0.296049
           1     448.929      7.5479           0
           2      408.91     7.45954    0.495799
           3     415.802     7.33408    0.303357
           4     406.827     7.13153    0.262663
           5     444.852     7.16869    0.236609
           6     407.171     7.16955    0.209175
           7     372.142     7.09541    0.235534
           8     398.001      7.1605    0.230825
           9     408.004     7.11684    0.207808
          10     402.013     7.20334     0.21074
          11     451.558     7.22387    0.213544
          12     373.207     7.14342    0.207751
          13     415.708     7.15289    0.191116
          14     388.094     7.14535    0.181039
          15     452.702     7.15281    0.186384
          16     441.096     7.14762    0.183895
          17     379.948     7.11198    0.177399
          18      426.64     7.12202     0.16825
          19     386.784     7.12163    0.163068
          20     365.199     7.06418    0.162299
           1     337.218     5.91717           0
           2     288.237     5.63192    0.525385
           3     328.013     5.71275    0.321332
           4     316.392       5.665    0.231912
           5     319.812     5.60806     0.19355
           6     324.402     5.68627    0.167358
           7      282.91      5.6506    0.185249
           8      287.99     5.62046    0.175067
           9      298.27      5.5919    0.156859
          10     285.368     5.59571    0.155059
          11     305.319     5.57395    0.142326
          12     298.167     5.57172    0.130799
          13     295.861     5.55689    0.121301
          14     293.327     5.53488    0.113855
          15      327.04     5.53649    0.114758
          16     305.974     5.53093    0.107678
          17     280.116     5.50473    0.105555
          18     314.216      5.5092    0.100502
          19     278.319      5.4897   0.0992548
          20     277.823     5.46116   0.0977134
           1     242.352     4.25477           0
           2     230.652     4.24836    0.157132
           3     257.727     4.41476    0.169314
           4     239.407     4.36661    0.125131
           5     235.497     4.31347    0.104489
           6     226.034     4.32953    0.117031
           7     224.391     4.33278    0.113435
           8     237.038     4.34845   0.0985474
           9     223.934     4.33013   0.0914599
          10     237.242     4.35365   0.0833316
          11     235.509     4.34571   0.0761581
          12     220.902     4.34194   0.0755855
          13     236.034     4.35293    0.069727
          14     240.276     4.35527    0.065629
          15     237.715     4.34563   0.0632116
          16     244.317       4.353   0.0605796
          17     218.793     4.33363   0.0602178
          18     244.674     4.34328   0.0579399
          19      236.78     4.35129   0.0550117
          20     202.363     4.31962   0.0616568
           1     187.628     3.37869           0
           2      184.65     3.45899    0.104818
           3     194.008     3.51711   0.0798368
           4     195.538     3.53346   0.0690306
           5     188.786     3.50949   0.0573619
           6     180.612     3.52441   0.0708054
           7     185.407     3.53156   0.0614443
           8     187.551     3.52539   0.0537715
           9     186.371      3.5217   0.0475647
          10     189.248     3.52938   0.0426535
          11     188.081     3.52894   0.0386175
          12      179.87     3.52399   0.0383561
          13     194.427     3.53817   0.0369529
          14     197.223     3.54773   0.0370648
          15     193.106     3.54614    0.036133
          16     195.711     3.55909   0.0350063
          17     183.712     3.55187    0.033553
          18     191.379     3.55571   0.0317381
          19     189.972     3.56165   0.0303111
          20     167.758     3.54404    0.035935
           1     158.015     2.92796           0
           2     152.221     2.96028   0.0981372
           3     154.589     2.95515   0.0569987
           4     151.059     2.92085    0.048411
           5      153.69     2.90723   0.0404472
           6     142.401     2.89458   0.0553689
           7     149.835     2.90082   0.0479681
           8     152.754     2.90143   0.0418086
           9     156.489     2.91194   0.0382968
          10     154.443     2.91973   0.0345224
          11     156.649     2.93022   0.0321135
          12     151.163     2.92985   0.0294684
          13     160.793     2.94238    0.029775
          14     160.437      2.9492   0.0296244
          15     162.879     2.95344   0.0312758
          16     157.878     2.96023   0.0295916
          17     149.426     2.95119   0.0287031
          18     159.477     2.95504   0.0277518
          19     151.482     2.95617   0.0267236
          20     141.952     2.94546    0.028307
           1     131.666     2.51094           0
           2     127.562     2.50713   0.0532091
           3     128.837     2.49563   0.0322539
           4     129.678     2.47964   0.0300692
           5     129.003     2.47275   0.0242888
           6     122.115     2.46183   0.0332693
           7      125.51      2.4641   0.0301725
           8     130.756     2.46859   0.0275003
           9     130.475     2.47367   0.0248068
          10     132.773     2.48772   0.0242119
          11     129.197     2.49086   0.0219486
          12     125.903     2.48568   0.0206472
          13      133.38     2.49414   0.0203492
          14     139.396     2.50917   0.0239959
          15     133.974     2.50914   0.0238756
          16     127.231     2.50822   0.0226794
          17     129.841     2.50725   0.0213506
          18     132.933     2.50804    0.020658
          19     126.127     2.50713   0.0201361
          20     126.457     2.50561   0.0194346
           1     111.476     2.12108           0
           2     109.878     2.14475   0.0386165
           3     108.268     2.13154   0.0273095
           4     109.564     2.12213   0.0215558
           5     114.673     2.13748   0.0262095
           6      105.15     2.12737   0.0293993
           7     110.828     2.13539   0.0253211
           8     110.654     2.13431   0.0222832
           9     111.653     2.13826   0.0199566
          10     117.679     2.15381   0.0232318
          11     108.507     2.15186   0.0215806
          12     105.768     2.14493   0.0213994
          13     112.796     2.14932   0.0200409
          14     115.871     2.15811   0.0200752
          15     116.737     2.16159   0.0207657
          16     106.459     2.15666   0.0203546
          17     108.832     2.15311   0.0193341
          18     116.924     2.15764   0.0195921
          19     111.102     2.15931   0.0185859
          20      109.19     2.15885   0.0177864
           1     95.4922     1.82459           0
           2     97.8809     1.88089   0.0372284
           3     95.0334     1.87138     0.02404
           4     99.3821     1.88156   0.0246361
           5      101.82     1.89737    0.027664
           6      91.712     1.88359   0.0312028
           7      97.356     1.89051   0.0267869
           8     96.1955     1.88506   0.0236811
           9     94.4071     1.88141   0.0215948
          10     102.269     1.89274   0.0224112
          11     94.1609        1.89   0.0210927
          12     91.8536     1.88348   0.0210381
          13     99.6268     1.88916   0.0199529
          14     98.0565      1.8923   0.0185869
          15     101.073     1.89535   0.0184632
          16     92.8304     1.89188   0.0181266
          17     98.9567     1.89297   0.0173006
          18      100.41     1.89548   0.0168402
          19      98.716     1.89724   0.0160137
          20     93.3129     1.89425   0.0156965
           1     85.0764     1.64659           0
           2     87.1787     1.68616   0.0268122
           3     84.9178     1.67896   0.0174132
           4     85.9229     1.67699   0.0128675
           5     88.9267      1.6866    0.016444
           6      80.422      1.6712   0.0243702
           7     84.7353     1.67329   0.0209617
           8     83.4904     1.66566     0.01906
           9     83.0116     1.66182    0.017423
          10     88.2282     1.66849   0.0169846
          11     84.1258     1.66878    0.015591
          12     82.2067     1.66499    0.015035
          13     87.8676     1.66943   0.0145923
          14     85.1518      1.6701   0.0135114
          15     88.5138      1.6721    0.013678
          16     82.4473     1.66984   0.0133242
          17     86.9333     1.67071   0.0127803
          18     85.7862     1.67029   0.0121315
          19     85.5947     1.67076   0.0114779
          20     84.8902     1.67066   0.0108942
           1     76.2926     1.48165           0
           2     77.2095     1.50745   0.0173041
           3     77.0006     1.50863   0.0102011
           4     75.2834     1.49903   0.0108661
           5     79.3512     1.50817   0.0146403
           6     74.5579     1.50372   0.0148803
           7     74.7276     1.50206   0.0140397
           8     73.6815      1.4934   0.0140846
           9     73.0585     1.48794   0.0140565
          10     76.7726     1.49082   0.0127576
          11     76.0665     1.49278   0.0115986
          12     72.3981     1.48823     0.01205
          13     78.1425     1.49213   0.0117922
          14     76.6928     1.49349   0.0110034
          15     77.7126     1.49403   0.0107908
          16     75.0301     1.49338   0.0101553
          17     77.8926     1.49489  0.00988969
          18     76.9792     1.49499  0.00946459
          19      76.144     1.49494  0.00895801
          20     74.2255     1.49318  0.00869125
           1     68.8894     1.34657           0
           2     69.7762     1.36502   0.0124288
           3     67.7196     1.35445   0.0129218
           4      67.451     1.34475   0.0118249
           5     70.7152     1.35297   0.0129021
           6     66.8594     1.34946   0.0129094
           7     68.3446     1.35135   0.0111295
           8     66.0018     1.34361   0.0116649
           9     66.3008     1.34026   0.0111473
          10     68.6676     1.34266   0.0100851
          11     67.9524     1.34371  0.00917698
          12     66.3976      1.3416  0.00883104
          13     69.8286     1.34489  0.00863475
          14      68.128     1.34465  0.00800895
          15      69.708     1.34516  0.00798816
          16     66.9978     1.34409  0.00761718
          17     69.5096     1.34499  0.00740095
          18     69.2094     1.34544  0.00711903
          19     68.2472      1.3451   0.0067511
          20     66.8882     1.34409  0.00654782
