           1     -16.886    -0.33772           0
           2      4.0372   -0.128488    0.209232
           3     11.0272   -0.012144    0.167716
           4    -33.0978   -0.174597    0.201135
           5    -28.8676   -0.255148     0.17539
           6    -17.9942   -0.272604    0.144265
           7    -37.9574    -0.34211    0.140347
           8     -4.7214    -0.31115    0.125425
           9     18.9594   -0.234446    0.134607
          10     -12.472   -0.235945    0.120406
          11     19.2582   -0.179481    0.122678
          12    -20.7206   -0.199058    0.113687
          13      37.864   -0.125494     0.12786
          14      6.9778   -0.106562     0.11988
          15     30.6164  -0.0586357    0.121457
          16      3.4134  -0.0507042    0.113889
          17     18.6774  -0.0257482    0.109853
          18      33.573   0.0129856    0.110576
          19    -30.7034  -0.0200173    0.109678
          20    -12.0674  -0.0310838    0.104636
           1     -0.1346   -0.002692           0
           2      -2.825   -0.029596    0.026904
           3     -21.264   -0.161491    0.132806
           4     -4.1428   -0.141832   0.0959437
           5      -6.496    -0.13945   0.0743559
           6      -4.824   -0.132288   0.0611323
           7     -0.8394   -0.115788   0.0542369
           8     -6.6654   -0.117978   0.0470216
           9      6.0038  -0.0915276   0.0491865
          10       4.973  -0.0724288   0.0479606
          11       20.32  -0.0288989    0.061456
          12      -5.103  -0.0349957   0.0564317
          13     12.0536  -0.0137597   0.0560855
          14     -1.8104  -0.0153631   0.0519498
          15     16.3174   0.0074176   0.0534594
          16     -3.7768    0.002233   0.0502747
          17     -1.4426 0.000404471   0.0472603
          18      6.6154  0.00773244    0.045156
          19    -20.1876  -0.0139246     0.04789
          20    -12.4514  -0.0256798   0.0469286
           1     -6.7962   -0.135924           0
           2      6.7092    -0.00087    0.135054
           3     -5.2384  -0.0355027   0.0853187
           4     -1.3692   -0.033473   0.0603636
           5     -2.7632  -0.0378312   0.0469601
           6       1.291  -0.0272227   0.0397833
           7     -0.7774  -0.0255549   0.0336643
           8     -1.5462   -0.026226   0.0291619
           9     -2.6376  -0.0291733   0.0258867
          10     -0.7986  -0.0278532   0.0231914
          11      4.8884  -0.0164331   0.0238845
          12     -8.1116   -0.028583   0.0249602
          13      1.0356  -0.0247911   0.0232711
          14     -2.7594  -0.0269623   0.0216539
          15      4.2972  -0.0194352   0.0215182
          16     -5.2766  -0.0248163   0.0208353
          17     -3.5882  -0.0275779   0.0197652
          18      3.8624  -0.0217542   0.0195236
          19     -8.1356  -0.0291731   0.0199019
          20     -8.8234  -0.0365378   0.0202662
           1      0.6256    0.012512           0
           2      1.5206    0.021462     0.00895
           3      0.2382    0.015896  0.00759481
           4      0.3026    0.013435  0.00590738
           5     -4.0892  -0.0056088   0.0195858
           6      -0.857 -0.00753067   0.0161068
           7     -0.0154 -0.00649886   0.0136518
           8     -1.9376  -0.0105305   0.0124913
           9     -1.8006  -0.0133618   0.0113743
          10     -5.2476  -0.0225208    0.013689
          11      5.6158  -0.0102629   0.0174234
          12     -2.2536  -0.0131637   0.0161676
          13     -1.6778  -0.0147323   0.0149545
          14      -3.764  -0.0190571    0.014505
          15      6.2332 -0.00947573   0.0165573
          16      3.0254 -0.00510175   0.0160937
          17     -1.0954 -0.00609035   0.0151497
          18      3.0864 -0.00232267   0.0147719
          19     -4.1396 -0.00655789   0.0146006
          20     -2.6692  -0.0088992   0.0140478
           1      0.4432    0.008864           0
           2     -0.2548    0.001884     0.00698
           3       0.542  0.00486933  0.00501521
           4      2.2716     0.01501   0.0107429
           5      2.0768   0.0203152  0.00986867
           6      0.1496    0.017428  0.00855939
           7     -1.2756   0.0112937  0.00948474
           8      -2.168    0.004462   0.0106837
           9       0.115  0.00422178  0.00942524
          10     -4.3774  -0.0049552   0.0124613
          11      1.8252 -0.00118618   0.0118852
          12      -2.156 -0.00468067   0.0113985
          13     -0.7132 -0.00541785    0.010511
          14     -1.9302 -0.00778829   0.0100158
          15      4.3632 -0.00145147   0.0112737
          16       1.272  0.00022925   0.0106787
          17      -0.761-0.000679529   0.0100719
          18      0.7034 0.000139778   0.0095312
          19        -1.2 -0.00113074   0.0091047
          20      2.3498   0.0012756  0.00896641
           1      2.0522    0.041044           0
           2     -0.2084    0.018438    0.022606
           3      1.0662      0.0194    0.013087
           4      2.2242    0.025671   0.0111786
           5      1.6238    0.027032  0.00876518
           6      0.4828    0.024136  0.00772047
           7     -0.4674   0.0193526  0.00809053
           8      -2.167    0.011516   0.0105121
           9      0.9386   0.0123222   0.0093058
          10     -3.9866   0.0031168   0.0124104
          11      1.6846  0.00589636   0.0115646
          12     -0.2596  0.00497233   0.0105974
          13      0.4236  0.00524154  0.00975189
          14     -1.1664  0.00320086  0.00925625
          15      1.6266  0.00515627  0.00883617
          16      1.3888     0.00657  0.00838552
          17     -0.5812  0.00549976  0.00794919
          18       1.081  0.00639533  0.00754789
          19     -0.8106  0.00520547  0.00723806
          20     -0.3372    0.004608  0.00689257
           1      2.1224    0.042448           0
           2     -0.6448    0.014776    0.027672
           3      0.8576    0.015568   0.0159961
           4      2.0504    0.021928   0.0129764
           5      1.8278   0.0248536   0.0104686
           6      -0.223    0.019968  0.00984529
           7     -0.7958   0.0148417  0.00977314
           8     -1.0016   0.0104825  0.00952043
           9       0.371   0.0101422  0.00840312
          10     -2.0446   0.0050388  0.00908487
          11      1.2078  0.00677673  0.00839934
          12     -1.5226  0.00367433  0.00827137
          13      0.3876    0.003988  0.00761502
          14       0.676  0.00466886  0.00708294
          15      1.0458    0.005752  0.00668223
          16      0.9462  0.00657525  0.00630463
          17     -0.1488  0.00601341  0.00594876
          18      0.1964  0.00589756  0.00560974
          19     -0.8472  0.00469537  0.00544076
          20      -0.504   0.0039566  0.00521416
           1      1.8652    0.037304           0
           2      0.3962    0.022614     0.01469
           3      1.0816   0.0222867  0.00848759
           4      2.0298    0.026864  0.00754795
           5      1.5068   0.0275184  0.00588313
           6     -0.4522   0.0214247  0.00775936
           7     -0.5308   0.0168474  0.00799729
           8      -0.281    0.014039   0.0074736
           9       -0.27   0.0118791  0.00693597
          10     -0.4184   0.0098544  0.00652576
          11      0.3466  0.00958873  0.00590875
          12     -1.1882  0.00680933  0.00606791
          13     -0.4486  0.00559538  0.00571215
          14       0.705  0.00620286   0.0053232
          15      0.6496  0.00665547  0.00497625
          16       1.047  0.00754825   0.0047397
          17      0.4612  0.00764682  0.00445326
          18      0.4858  0.00776178  0.00420015
          19     -0.4464  0.00688337  0.00406889
          20      -0.567   0.0059722  0.00396617
           1      1.2482    0.024964           0
           2      0.1732    0.014214     0.01075
           3      0.4404    0.012412  0.00646282
           4       1.313    0.015874  0.00573319
           5      0.9516   0.0165056   0.0044856
           6     -1.1692  0.00985733  0.00759033
           7      -0.192  0.00790057   0.0067068
           8      0.5946   0.0083995  0.00582965
           9      0.3442  0.00823111  0.00514403
          10     -0.1382   0.0071316  0.00473051
          11      0.1482  0.00675273  0.00429565
          12     -0.4296    0.005474   0.0041246
          13     -0.1994  0.00474615  0.00386326
          14      0.5236  0.00515514  0.00359999
          15      1.1692   0.0063704  0.00356494
          16      0.0816  0.00607425  0.00334782
          17      0.7864  0.00664212  0.00319559
          18      0.0362  0.00631333  0.00303072
          19      -0.935  0.00499684  0.00315461
          20     -0.3164   0.0044306  0.00304582
           1      0.8926    0.017852           0
           2     -0.5076     0.00385    0.014002
           3     -0.0546  0.00220267  0.00825019
           4        1.03    0.006802  0.00742878
           5       0.298   0.0066336  0.00575677
           6     -0.9304  0.00242667  0.00630808
           7     -0.8158-0.000250857   0.0059659
           8      0.1488   0.0001525  0.00518234
           9     -0.0136 0.000105333  0.00457064
          10      -0.393  -0.0006912  0.00416498
          11      -0.117-0.000841091  0.00377034
          12     -0.3132   -0.001293  0.00347138
          13     -0.0072 -0.00120462  0.00319443
          14      0.4516-0.000473429  0.00304651
          15      1.2706  0.00125227   0.0033199
          16     -0.2364   0.0008785   0.0031279
          17       0.675  0.00162094   0.0030305
          18      0.4986  0.00208489  0.00289461
          19       -0.67  0.00126989  0.00285674
          20     -0.3258   0.0008806  0.00273796
           1      0.7434    0.014868           0
           2     -0.4878    0.002556    0.012312
           3      0.2102  0.00310533  0.00712953
           4      0.9586    0.007122  0.00644583
           5       0.639   0.0082536  0.00511955
           6     -0.7472  0.00438733  0.00569396
           7     -0.5396  0.00221886  0.00527828
           8      0.6682    0.003612  0.00477871
           9     -0.1032  0.00298133  0.00426135
          10     -0.5766     0.00153  0.00407844
          11     -0.1862  0.00105236  0.00371988
          12      0.1036  0.00113733  0.00339683
          13      0.0192  0.00107938  0.00312517
          14       0.046    0.001068  0.00289337
          15      1.1072  0.00247307  0.00303802
          16     -0.3586  0.00187025  0.00290504
          17       0.525  0.00237788  0.00277563
          18      0.8134  0.00314956  0.00272829
          19      -0.616  0.00233537  0.00270609
          20     -0.3762   0.0018424  0.00261413
           1      0.6716    0.013432           0
           2     -0.3782    0.002934    0.010498
           3      0.3096     0.00402  0.00615755
           4      0.7578    0.006804  0.00516801
           5      0.3444   0.0068208  0.00400316
           6     -0.5774  0.00375933   0.0044784
           7     -0.4764  0.00186114  0.00423426
           8        0.58   0.0030785  0.00386376
           9     -0.1604     0.00238  0.00347837
          10      0.0558   0.0022536  0.00311372
          11     -0.1196  0.00183127  0.00284795
          12     -0.0748    0.001554  0.00261456
          13      0.0824  0.00156123  0.00240505
          14     -0.0284  0.00140914  0.00223183
          15      1.0718  0.00274427  0.00246972
          16     -0.3988  0.00207425  0.00240541
          17      0.4298  0.00245788  0.00229182
          18      0.6526  0.00304644  0.00223948
          19     -0.4348  0.00242842  0.00220664
          20      -0.522    0.001785  0.00219006
           1      0.6878    0.013756           0
           2     -0.3202    0.003676     0.01008
           3      0.1396  0.00338133  0.00582715
           4        0.81    0.006586  0.00521993
           5      0.5724   0.0075584  0.00415863
           6      -0.746    0.003812  0.00505618
           7     -0.4546  0.00196857  0.00465391
           8      0.6474    0.003341  0.00425767
           9     -0.3568  0.00217689  0.00393122
          10        0.12   0.0021992  0.00351626
          11     -0.2742  0.00150073  0.00325637
          12     -0.2974     0.00088  0.00303676
          13       0.008 0.000824615  0.00279396
          14     -0.4004 0.000193714  0.00266254
          15      0.8098  0.00126053  0.00269852
          16     -0.3384  0.00075875  0.00257362
          17       0.578  0.00139412   0.0024996
          18      0.5304    0.001906  0.00241159
          19     -0.1556  0.00164189  0.00229638
          20     -0.2682   0.0012916  0.00220652
           1       0.349     0.00698           0
           2     -0.2824    0.000666    0.006314
           3      0.0962  0.00108533  0.00366943
           4      0.5534    0.003581   0.0036001
           5      0.4488     0.00466  0.00299009
           6     -0.3838    0.002604   0.0031918
           7     -0.5256 0.000730286  0.00328446
           8      0.6238   0.0021985    0.003201
           9      -0.159  0.00160089  0.00288558
          10      0.1692   0.0017792  0.00258709
          11     -0.3712 0.000942545  0.00248518
          12      -0.322 0.000327333  0.00235058
          13      0.1078    0.000468  0.00216679
          14      -0.188    0.000166  0.00202867
          15      0.7998  0.00122133  0.00216344
          16     -0.2662  0.00081225  0.00206465
          17      0.6662  0.00154824  0.00207435
          18       0.664      0.0022  0.00206146
          19     -0.0372  0.00204505   0.0019561
          20      -0.068   0.0018748  0.00186351
           1       0.445      0.0089           0
           2     -0.3088    0.001362    0.007538
           3      0.1198  0.00170667  0.00436569
           4      0.5112    0.003836  0.00375016
           5      0.3876   0.0046192  0.00300859
           6     -0.3664    0.002628  0.00316217
           7      -0.558 0.000658286  0.00331996
           8      0.3888    0.001548  0.00300968
           9      -0.233 0.000858222  0.00274245
          10     -0.1604   0.0004516   0.0024864
          11     -0.3542-0.000233455  0.00235105
          12     -0.4546-0.000971667  0.00226962
          13     -0.0576-0.000985538  0.00208779
          14     -0.0398   -0.000972  0.00193297
          15       0.751 9.41333e-05  0.00209161
          16     -0.1498    -9.9e-05  0.00196603
          17      0.5976 0.000609882  0.00197814
          18      0.6374  0.00128422  0.00198318
          19      0.0222     0.00124  0.00187642
          20     -0.0758   0.0011022  0.00178545
           1      0.2096    0.004192           0
           2     -0.2204   -0.000108      0.0043
           3      0.0806 0.000465333  0.00254795
           4      0.4972    0.002835   0.0029768
           5      0.2048   0.0030872  0.00231957
           6     -0.2878  0.00161333  0.00239984
           7      -0.537-0.000151429  0.00268852
           8      0.3664   0.0007835  0.00250902
           9     -0.3522-8.62222e-05  0.00237753
          10     -0.2834  -0.0006444  0.00219857
          11      -0.438 -0.00138218  0.00212112
          12     -0.2836 -0.00173967  0.00196903
          13      -0.217 -0.00193969  0.00182226
          14      0.0852 -0.00167943  0.00170704
          15      0.8796-0.000394667  0.00204354
          16       -0.15  -0.0005575  0.00191848
          17      0.5356 0.000105412  0.00192016
          18      0.4266 0.000573556   0.0018699
          19      0.1386 0.000689263  0.00177253
          20     -0.1464   0.0005084  0.00169126
