	1 	 2.92945361e-21 	 0
	2 	 2.92941159e-21 	 4.20229353e-26
	3 	 2.92928003e-21 	 1.33781683e-25
	4 	 2.92912295e-21 	 1.83365681e-25
	5 	 2.92898833e-21 	 1.95690455e-25
	6 	 2.92888124e-21 	 1.92347117e-25
	7 	 2.92879741e-21 	 1.82907709e-25
	8 	 2.92872575e-21 	 1.73857083e-25
	9 	 2.92866428e-21 	 1.65190918e-25
	10 	 2.92860979e-21 	 1.57478532e-25
	11 	 2.92856522e-21 	 1.49253589e-25
	12 	 2.92852575e-21 	 1.41853293e-25
	13 	 2.92848797e-21 	 1.35844228e-25
	14 	 2.92845614e-21 	 1.29732426e-25
	15 	 2.92842712e-21 	 1.24212279e-25
	16 	 2.92840164e-21 	 1.18950355e-25
	17 	 2.92837867e-21 	 1.1407249e-25
	18 	 2.92835608e-21 	 1.0989346e-25
	19 	 2.92833465e-21 	 1.0613517e-25
	20 	 2.92831449e-21 	 1.02688381e-25
	21 	 2.92829563e-21 	 9.94797635e-26
	22 	 2.92827813e-21 	 9.64516242e-26
	23 	 2.92826272e-21 	 9.34407638e-26
	24 	 2.92824928e-21 	 9.04667154e-26
	25 	 2.92823635e-21 	 8.77315218e-26
	26 	 2.9282241e-21 	 8.51752219e-26
	27 	 2.92821252e-21 	 8.27743346e-26
	28 	 2.92820188e-21 	 8.04686184e-26
	29 	 2.92819257e-21 	 7.82015932e-26
	30 	 2.92818312e-21 	 7.61376656e-26
	31 	 2.92817407e-21 	 7.41951003e-26
	32 	 2.92816358e-21 	 7.26011504e-26
	33 	 2.92815316e-21 	 7.11343376e-26
	34 	 2.9281425e-21 	 6.98279374e-26
	35 	 2.92813047e-21 	 6.88631377e-26
	36 	 2.92811988e-21 	 6.77546496e-26
	37 	 2.92810979e-21 	 6.6666128e-26
	38 	 2.92810027e-21 	 6.55835816e-26
	39 	 2.92809082e-21 	 6.45741282e-26
	40 	 2.92808183e-21 	 6.35777915e-26
	41 	 2.92807403e-21 	 6.24968007e-26
	42 	 2.92806672e-21 	 6.14278266e-26
	43 	 2.92805993e-21 	 6.03645195e-26
	44 	 2.92805282e-21 	 5.94037136e-26
	45 	 2.92804638e-21 	 5.8425191e-26
	46 	 2.92804052e-21 	 5.74405294e-26
	47 	 2.92803482e-21 	 5.6493123e-26
	48 	 2.92802943e-21 	 5.55659819e-26
	49 	 2.92802354e-21 	 5.47377433e-26
	50 	 2.92801768e-21 	 5.39515527e-26
	51 	 2.92801273e-21 	 5.31141204e-26
	52 	 2.92800835e-21 	 5.22659897e-26
	53 	 2.928004e-21 	 5.14544984e-26
	54 	 2.9280003e-21 	 5.06283067e-26
	55 	 2.92799727e-21 	 4.97917218e-26
	56 	 2.92799449e-21 	 4.89731214e-26
	57 	 2.9279926e-21 	 4.81436557e-26
	58 	 2.92799136e-21 	 4.73225387e-26
	59 	 2.92799097e-21 	 4.65152075e-26
	60 	 2.92799057e-21 	 4.57350861e-26
	61 	 2.92799009e-21 	 4.49816314e-26
	62 	 2.92798946e-21 	 4.42546108e-26
	63 	 2.92798905e-21 	 4.35485063e-26
	64 	 2.92798888e-21 	 4.28629727e-26
	65 	 2.92798902e-21 	 4.21986056e-26
	66 	 2.92798879e-21 	 4.15549278e-26
	67 	 2.92798867e-21 	 4.0930172e-26
	68 	 2.92798802e-21 	 4.03291236e-26
	69 	 2.92798684e-21 	 3.97577343e-26
	70 	 2.92798552e-21 	 3.92079518e-26
	71 	 2.92798395e-21 	 3.86834835e-26
	72 	 2.92798313e-21 	 3.81513954e-26
	73 	 2.92798282e-21 	 3.7626381e-26
	74 	 2.92798276e-21 	 3.71144857e-26
	75 	 2.92798204e-21 	 3.66233285e-26
	76 	 2.92798166e-21 	 3.61402039e-26
	77 	 2.9279812e-21 	 3.56707733e-26
	78 	 2.92798044e-21 	 3.52186991e-26
	79 	 2.92797941e-21 	 3.47853904e-26
	80 	 2.92797805e-21 	 3.43744365e-26
	81 	 2.92797677e-21 	 3.39716736e-26
	82 	 2.92797553e-21 	 3.35778727e-26
	83 	 2.92797445e-21 	 3.31883664e-26
	84 	 2.92797359e-21 	 3.28020883e-26
	85 	 2.92797282e-21 	 3.24231079e-26
	86 	 2.92797218e-21 	 3.20501059e-26
	87 	 2.92797101e-21 	 3.17014463e-26
	88 	 2.92796903e-21 	 3.14014254e-26
	89 	 2.9279674e-21 	 3.10891868e-26
	90 	 2.92796602e-21 	 3.0772985e-26
	91 	 2.92796494e-21 	 3.04520595e-26
	92 	 2.92796409e-21 	 3.01312254e-26
	93 	 2.92796351e-21 	 2.98110853e-26
	94 	 2.92796373e-21 	 2.94930593e-26
	95 	 2.92796408e-21 	 2.91830128e-26
	96 	 2.92796406e-21 	 2.88774303e-26
	97 	 2.92796411e-21 	 2.85782154e-26
	98 	 2.92796448e-21 	 2.82875158e-26
	99 	 2.92796487e-21 	 2.80031305e-26
	100 	 2.92796498e-21 	 2.77218942e-26
	1 	 2.38869935e-21 	 0
	2 	 2.38871404e-21 	 1.46958654e-26
	3 	 2.38871705e-21 	 9.00197132e-27
	4 	 2.38872463e-21 	 9.89690929e-27
	5 	 2.38873468e-21 	 1.26447126e-26
	6 	 2.38873998e-21 	 1.16029083e-26
	7 	 2.38874384e-21 	 1.05381311e-26
	8 	 2.38874435e-21 	 9.14048058e-27
	9 	 2.38874528e-21 	 8.11479492e-27
	10 	 2.38874518e-21 	 7.25869461e-27
	11 	 2.38874523e-21 	 6.56591454e-27
	12 	 2.38874651e-21 	 6.12952951e-27
	13 	 2.3887483e-21 	 5.91299264e-27
	14 	 2.38874907e-21 	 5.52896229e-27
	15 	 2.38874796e-21 	 5.26630373e-27
	16 	 2.38874694e-21 	 5.02947544e-27
	17 	 2.38874658e-21 	 4.73843419e-27
	18 	 2.38874564e-21 	 4.56463366e-27
	19 	 2.38874263e-21 	 5.26144842e-27
	20 	 2.38873788e-21 	 6.89248404e-27
	21 	 2.38873521e-21 	 7.07867779e-27
	22 	 2.38873402e-21 	 6.85281049e-27
	23 	 2.3887325e-21 	 6.72219297e-27
	24 	 2.3887299e-21 	 6.94366399e-27
	25 	 2.38872716e-21 	 7.20058683e-27
	26 	 2.38872408e-21 	 7.57375633e-27
	27 	 2.38872141e-21 	 7.76278519e-27
	28 	 2.38871812e-21 	 8.1719583e-27
	29 	 2.38871401e-21 	 8.89027939e-27
	30 	 2.38870989e-21 	 9.52755306e-27
	31 	 2.38870599e-21 	 1.0006232e-26
	32 	 2.38870265e-21 	 1.02478298e-26
	33 	 2.38869912e-21 	 1.05411069e-26
	34 	 2.38869591e-21 	 1.07158106e-26
	35 	 2.38869252e-21 	 1.09443557e-26
	36 	 2.38868932e-21 	 1.1108944e-26
	37 	 2.38868626e-21 	 1.12273094e-26
	38 	 2.38868428e-21 	 1.11055597e-26
	39 	 2.38868229e-21 	 1.09997237e-26
	40 	 2.38868081e-21 	 1.08232539e-26
	41 	 2.38867847e-21 	 1.08122197e-26
	42 	 2.38867598e-21 	 1.08408282e-26
	43 	 2.38867357e-21 	 1.08551901e-26
	44 	 2.38867082e-21 	 1.0957395e-26
	45 	 2.38866764e-21 	 1.1173523e-26
	46 	 2.38866375e-21 	 1.15992385e-26
	47 	 2.38866078e-21 	 1.17317936e-26
	48 	 2.38865834e-21 	 1.17406098e-26
	49 	 2.3886558e-21 	 1.17770839e-26
	50 	 2.38865377e-21 	 1.17166174e-26
	51 	 2.38865083e-21 	 1.18538846e-26
	52 	 2.38864695e-21 	 1.22533308e-26
	53 	 2.38864319e-21 	 1.25955444e-26
	54 	 2.38863964e-21 	 1.28596398e-26
	55 	 2.38863655e-21 	 1.29968404e-26
	56 	 2.38863398e-21 	 1.30186384e-26
	57 	 2.3886317e-21 	 1.29898389e-26
	58 	 2.3886287e-21 	 1.31108114e-26
	59 	 2.38862471e-21 	 1.34921153e-26
	60 	 2.38862056e-21 	 1.38992429e-26
	61 	 2.38861667e-21 	 1.42097598e-26
	62 	 2.38861215e-21 	 1.46931135e-26
	63 	 2.38860713e-21 	 1.53026484e-26
	64 	 2.38860139e-21 	 1.61184968e-26
	65 	 2.38859609e-21 	 1.6730728e-26
	66 	 2.38859049e-21 	 1.74010663e-26
	67 	 2.38858469e-21 	 1.80964234e-26
	68 	 2.38857931e-21 	 1.86209141e-26
	69 	 2.38857461e-21 	 1.89404525e-26
	70 	 2.38856968e-21 	 1.9308844e-26
	71 	 2.38856502e-21 	 1.95968771e-26
	72 	 2.38856072e-21 	 1.97949582e-26
	73 	 2.38855657e-21 	 1.99587837e-26
	74 	 2.38855266e-21 	 2.00713085e-26
	75 	 2.38854906e-21 	 2.01277935e-26
	76 	 2.38854574e-21 	 2.01359004e-26
	77 	 2.38854281e-21 	 2.00873924e-26
	78 	 2.38854036e-21 	 1.99788809e-26
	79 	 2.38853788e-21 	 1.98803063e-26
	80 	 2.38853528e-21 	 1.98012988e-26
	81 	 2.38853276e-21 	 1.97164733e-26
	82 	 2.38853054e-21 	 1.960123e-26
	83 	 2.38852871e-21 	 1.94494194e-26
	84 	 2.38852658e-21 	 1.93346075e-26
	85 	 2.38852443e-21 	 1.92268213e-26
	86 	 2.38852272e-21 	 1.90781573e-26
	87 	 2.38852122e-21 	 1.89172849e-26
	88 	 2.38851946e-21 	 1.87842055e-26
	89 	 2.38851718e-21 	 1.87108003e-26
	90 	 2.38851484e-21 	 1.86490617e-26
	91 	 2.38851262e-21 	 1.8575775e-26
	92 	 2.38851107e-21 	 1.84385584e-26
	93 	 2.38851e-21 	 1.82702948e-26
	94 	 2.38850856e-21 	 1.81324613e-26
	95 	 2.38850734e-21 	 1.79816419e-26
	96 	 2.38850641e-21 	 1.78179258e-26
	97 	 2.38850588e-21 	 1.7641337e-26
	98 	 2.38850519e-21 	 1.74738954e-26
	99 	 2.38850423e-21 	 1.73233434e-26
	100 	 2.38850314e-21 	 1.71835659e-26
	1 	 2.32705033e-21 	 0
	2 	 2.32704253e-21 	 7.8042178e-27
	3 	 2.32703891e-21 	 5.77936706e-27
	4 	 2.32703648e-21 	 4.75573545e-27
	5 	 2.32702843e-21 	 8.85116728e-27
	6 	 2.32702515e-21 	 7.93503969e-27
	7 	 2.32702685e-21 	 6.91748477e-27
	8 	 2.32703018e-21 	 6.85445532e-27
	9 	 2.3270314e-21 	 6.16672182e-27
	10 	 2.3270315e-21 	 5.5166701e-27
	11 	 2.32703063e-21 	 5.0654312e-27
	12 	 2.32703103e-21 	 4.64116348e-27
	13 	 2.3270323e-21 	 4.45392479e-27
	14 	 2.32703122e-21 	 4.2612047e-27
	15 	 2.32703007e-21 	 4.13204589e-27
	16 	 2.32702812e-21 	 4.32961331e-27
	17 	 2.32702684e-21 	 4.26163426e-27
	18 	 2.32702587e-21 	 4.13325905e-27
	19 	 2.32702501e-21 	 4.00361679e-27
	20 	 2.32702555e-21 	 3.83553758e-27
	21 	 2.32702506e-21 	 3.68067478e-27
	22 	 2.32702298e-21 	 4.07937328e-27
	23 	 2.32702086e-21 	 4.4355992e-27
	24 	 2.32701808e-21 	 5.07713032e-27
	25 	 2.32701722e-21 	 4.94588384e-27
	26 	 2.32701731e-21 	 4.75278579e-27
	27 	 2.32701642e-21 	 4.65865681e-27
	28 	 2.32701526e-21 	 4.63711874e-27
	29 	 2.32701375e-21 	 4.72159455e-27
	30 	 2.32701323e-21 	 4.59144099e-27
	31 	 2.32701273e-21 	 4.46841003e-27
	32 	 2.32701227e-21 	 4.35103702e-27
	33 	 2.32701172e-21 	 4.2529785e-27
	34 	 2.32701167e-21 	 4.12633704e-27
	35 	 2.32701191e-21 	 4.01378966e-27
	36 	 2.32701138e-21 	 3.93619012e-27
	37 	 2.32701065e-21 	 3.89770169e-27
	38 	 2.32701032e-21 	 3.80796735e-27
	39 	 2.32701043e-21 	 3.71071132e-27
	40 	 2.32701119e-21 	 3.69476803e-27
	41 	 2.32701221e-21 	 3.74674351e-27
	42 	 2.32701323e-21 	 3.79573608e-27
	43 	 2.3270146e-21 	 3.95017853e-27
	44 	 2.32701556e-21 	 3.97865583e-27
	45 	 2.32701639e-21 	 3.97540907e-27
	46 	 2.32701695e-21 	 3.92815182e-27
	47 	 2.32701771e-21 	 3.91890567e-27
	48 	 2.32701853e-21 	 3.9234825e-27
	49 	 2.32701876e-21 	 3.84932394e-27
	50 	 2.32701933e-21 	 3.81441227e-27
	51 	 2.32702062e-21 	 3.9557487e-27
	52 	 2.32702204e-21 	 4.13115299e-27
	53 	 2.32702322e-21 	 4.21990591e-27
	54 	 2.32702363e-21 	 4.16142261e-27
	55 	 2.32702334e-21 	 4.09558376e-27
	56 	 2.32702266e-21 	 4.07845168e-27
	57 	 2.32702147e-21 	 4.17970536e-27
	58 	 2.32702016e-21 	 4.30962129e-27
	59 	 2.32701896e-21 	 4.40474301e-27
	60 	 2.32701792e-21 	 4.45304494e-27
	61 	 2.32701675e-21 	 4.53201037e-27
	62 	 2.32701521e-21 	 4.71784858e-27
	63 	 2.32701402e-21 	 4.79173668e-27
	64 	 2.32701367e-21 	 4.72927045e-27
	65 	 2.32701382e-21 	 4.65833686e-27
	66 	 2.32701503e-21 	 4.74441534e-27
	67 	 2.32701574e-21 	 4.72615784e-27
	68 	 2.32701623e-21 	 4.68227336e-27
	69 	 2.3270167e-21 	 4.63720971e-27
	70 	 2.32701718e-21 	 4.59599906e-27
	71 	 2.32701781e-21 	 4.57390638e-27
	72 	 2.32701848e-21 	 4.55974424e-27
	73 	 2.32701923e-21 	 4.55828123e-27
	74 	 2.32702012e-21 	 4.58520155e-27
	75 	 2.32702118e-21 	 4.64607446e-27
	76 	 2.32702225e-21 	 4.70595004e-27
	77 	 2.32702278e-21 	 4.67499673e-27
	78 	 2.32702307e-21 	 4.62373185e-27
	79 	 2.32702298e-21 	 4.56578492e-27
	80 	 2.32702297e-21 	 4.50835038e-27
	81 	 2.32702294e-21 	 4.4524488e-27
	82 	 2.3270227e-21 	 4.40470884e-27
	83 	 2.32702282e-21 	 4.35289279e-27
	84 	 2.32702271e-21 	 4.30217065e-27
	85 	 2.3270226e-21 	 4.25259265e-27
	86 	 2.32702294e-21 	 4.21694578e-27
	87 	 2.32702323e-21 	 4.17816871e-27
	88 	 2.32702318e-21 	 4.13077074e-27
	89 	 2.3270232e-21 	 4.08413308e-27
	90 	 2.32702321e-21 	 4.0385264e-27
	91 	 2.32702308e-21 	 3.99602005e-27
	92 	 2.32702271e-21 	 3.96976841e-27
	93 	 2.32702199e-21 	 3.99265079e-27
	94 	 2.32702121e-21 	 4.02571954e-27
	95 	 2.32702081e-21 	 4.00314321e-27
	96 	 2.32702e-21 	 4.04324701e-27
	97 	 2.32701914e-21 	 4.09272513e-27
	98 	 2.32701851e-21 	 4.09932902e-27
	99 	 2.32701803e-21 	 4.08651468e-27
	100 	 2.32701763e-21 	 4.06456375e-27
	1 	 2.29661589e-21 	 0
	2 	 2.2965866e-21 	 2.92886856e-26
	3 	 2.29656668e-21 	 2.61326518e-26
	4 	 2.29656343e-21 	 1.8761511e-26
	5 	 2.29655858e-21 	 1.53196421e-26
	6 	 2.29655961e-21 	 1.25507869e-26
	7 	 2.29655593e-21 	 1.12305284e-26
	8 	 2.29655323e-21 	 1.00926537e-26
	9 	 2.29655208e-21 	 8.97432131e-27
	10 	 2.29655446e-21 	 8.36999937e-27
	11 	 2.29656069e-21 	 9.80619443e-27
	12 	 2.2965659e-21 	 1.03572967e-26
	13 	 2.29656838e-21 	 9.8454183e-27
	14 	 2.29657172e-21 	 9.70816888e-27
	15 	 2.29657489e-21 	 9.57611911e-27
	16 	 2.29657715e-21 	 9.2389412e-27
	17 	 2.29657812e-21 	 8.73246204e-27
	18 	 2.29657974e-21 	 8.39136683e-27
	19 	 2.29657983e-21 	 7.93794002e-27
	20 	 2.29657842e-21 	 7.66111122e-27
	21 	 2.29657699e-21 	 7.42598967e-27
	22 	 2.29657614e-21 	 7.13185094e-27
	23 	 2.29657493e-21 	 6.92190231e-27
	24 	 2.2965729e-21 	 6.92883089e-27
	25 	 2.29657037e-21 	 7.11232792e-27
	26 	 2.29656852e-21 	 7.0796252e-27
	27 	 2.29657004e-21 	 6.97986675e-27
	28 	 2.29657181e-21 	 6.95539902e-27
	29 	 2.2965726e-21 	 6.75756483e-27
	30 	 2.29657251e-21 	 6.52904731e-27
	31 	 2.29657297e-21 	 6.33145415e-27
	32 	 2.29657411e-21 	 6.23633179e-27
	33 	 2.29657535e-21 	 6.170707e-27
	34 	 2.29657666e-21 	 6.12771306e-27
	35 	 2.29657801e-21 	 6.10048678e-27
	36 	 2.29657908e-21 	 6.02508345e-27
	37 	 2.29658067e-21 	 6.07194232e-27
	38 	 2.29658293e-21 	 6.32496154e-27
	39 	 2.29658475e-21 	 6.42480361e-27
	40 	 2.29658629e-21 	 6.44816508e-27
	41 	 2.29658819e-21 	 6.57037379e-27
	42 	 2.29659075e-21 	 6.90516271e-27
	43 	 2.2965925e-21 	 6.96657816e-27
	44 	 2.29659467e-21 	 7.1434939e-27
	45 	 2.29659771e-21 	 7.61341191e-27
	46 	 2.29660054e-21 	 7.96762548e-27
	47 	 2.29660316e-21 	 8.22380465e-27
	48 	 2.29660552e-21 	 8.3889965e-27
	49 	 2.29660763e-21 	 8.48318859e-27
	50 	 2.29660947e-21 	 8.51318253e-27
	51 	 2.29661122e-21 	 8.52575146e-27
	52 	 2.29661342e-21 	 8.64491414e-27
	53 	 2.29661589e-21 	 8.83363376e-27
	54 	 2.29661779e-21 	 8.87445883e-27
	55 	 2.29661994e-21 	 8.97262619e-27
	56 	 2.29662247e-21 	 9.16745975e-27
	57 	 2.29662513e-21 	 9.38763698e-27
	58 	 2.2966279e-21 	 9.63182065e-27
	59 	 2.29663054e-21 	 9.82998501e-27
	60 	 2.29663272e-21 	 9.90691248e-27
	61 	 2.29663476e-21 	 9.95499499e-27
	62 	 2.29663644e-21 	 9.93501417e-27
	63 	 2.29663803e-21 	 9.90517322e-27
	64 	 2.2966404e-21 	 1.00331586e-26
	65 	 2.29664265e-21 	 1.01313207e-26
	66 	 2.29664444e-21 	 1.013559e-26
	67 	 2.29664602e-21 	 1.01073615e-26
	68 	 2.2966474e-21 	 1.00532149e-26
	69 	 2.29664905e-21 	 1.00425341e-26
	70 	 2.29665061e-21 	 1.00193245e-26
	71 	 2.29665299e-21 	 1.01598455e-26
	72 	 2.29665527e-21 	 1.02742428e-26
	73 	 2.29665788e-21 	 1.04626225e-26
	74 	 2.29666052e-21 	 1.06538625e-26
	75 	 2.29666313e-21 	 1.08289887e-26
	76 	 2.29666511e-21 	 1.08682791e-26
	77 	 2.2966667e-21 	 1.08435836e-26
	78 	 2.29666826e-21 	 1.08164261e-26
	79 	 2.29666969e-21 	 1.07741637e-26
	80 	 2.29667149e-21 	 1.0789858e-26
	81 	 2.29667326e-21 	 1.08024373e-26
	82 	 2.29667466e-21 	 1.07610026e-26
	83 	 2.29667618e-21 	 1.07379953e-26
	84 	 2.29667754e-21 	 1.06965608e-26
	85 	 2.29667904e-21 	 1.06763846e-26
	86 	 2.29668102e-21 	 1.07349942e-26
	87 	 2.29668311e-21 	 1.0814276e-26
	88 	 2.29668528e-21 	 1.09085948e-26
	89 	 2.29668752e-21 	 1.10162514e-26
	90 	 2.2966894e-21 	 1.10537004e-26
	91 	 2.29669155e-21 	 1.11417586e-26
	92 	 2.29669314e-21 	 1.1134204e-26
	93 	 2.29669429e-21 	 1.10734769e-26
	94 	 2.29669496e-21 	 1.09753939e-26
	95 	 2.29669577e-21 	 1.08894818e-26
	96 	 2.29669676e-21 	 1.08208741e-26
	97 	 2.29669768e-21 	 1.07479687e-26
	98 	 2.29669899e-21 	 1.07178321e-26
	99 	 2.29670042e-21 	 1.0705283e-26
	100 	 2.29670209e-21 	 1.07290231e-26
	1 	 2.33867837e-21 	 0
	2 	 2.33867588e-21 	 2.49438966e-27
	3 	 2.33867256e-21 	 3.61780659e-27
	4 	 2.33866987e-21 	 3.71474927e-27
	5 	 2.33867165e-21 	 3.38790623e-27
	6 	 2.33868005e-21 	 8.83749213e-27
	7 	 2.33868727e-21 	 1.03907182e-26
	8 	 2.33869336e-21 	 1.08657697e-26
	9 	 2.33869644e-21 	 1.00650599e-26
	10 	 2.33869871e-21 	 9.28539112e-27
	11 	 2.33869728e-21 	 8.52081777e-27
	12 	 2.33869221e-21 	 9.28399627e-27
	13 	 2.33868751e-21 	 9.74956168e-27
	14 	 2.33868259e-21 	 1.0278613e-26
	15 	 2.33867904e-21 	 1.02046893e-26
	16 	 2.33867729e-21 	 9.70580372e-27
	17 	 2.33867721e-21 	 9.11737573e-27
	18 	 2.33867824e-21 	 8.65721895e-27
	19 	 2.33867883e-21 	 8.21030234e-27
	20 	 2.33867818e-21 	 7.81552498e-27
	21 	 2.33867583e-21 	 7.79696161e-27
	22 	 2.33867424e-21 	 7.60314295e-27
	23 	 2.33867295e-21 	 7.37834512e-27
	24 	 2.33867098e-21 	 7.33356691e-27
	25 	 2.33867039e-21 	 7.05873608e-27
	26 	 2.33866948e-21 	 6.84236721e-27
	27 	 2.33866989e-21 	 6.59681753e-27
	28 	 2.33867022e-21 	 6.36506668e-27
	29 	 2.33866917e-21 	 6.23038419e-27
	30 	 2.33866736e-21 	 6.28577129e-27
	31 	 2.33866486e-21 	 6.5734124e-27
	32 	 2.3386619e-21 	 7.01822066e-27
	33 	 2.33865916e-21 	 7.33334194e-27
	34 	 2.33865608e-21 	 7.75185482e-27
	35 	 2.33865337e-21 	 8.00044003e-27
	36 	 2.33865052e-21 	 8.28018421e-27
	37 	 2.33864785e-21 	 8.48467125e-27
	38 	 2.3386454e-21 	 8.61496804e-27
	39 	 2.33864345e-21 	 8.61511405e-27
	40 	 2.33864177e-21 	 8.56281793e-27
	41 	 2.33864057e-21 	 8.43659744e-27
	42 	 2.33863898e-21 	 8.38541354e-27
	43 	 2.33863738e-21 	 8.34379534e-27
	44 	 2.33863606e-21 	 8.25869328e-27
	45 	 2.33863427e-21 	 8.26925648e-27
	46 	 2.3386323e-21 	 8.32287717e-27
	47 	 2.33863055e-21 	 8.33015747e-27
	48 	 2.33862941e-21 	 8.23391244e-27
	49 	 2.33862785e-21 	 8.2132296e-27
	50 	 2.33862731e-21 	 8.06541205e-27
	51 	 2.33862753e-21 	 7.90860286e-27
	52 	 2.33862743e-21 	 7.7555877e-27
	53 	 2.33862795e-21 	 7.62510765e-27
	54 	 2.338629e-21 	 7.55714373e-27
	55 	 2.3386303e-21 	 7.53081191e-27
	56 	 2.33863067e-21 	 7.40456747e-27
	57 	 2.33863028e-21 	 7.2840739e-27
	58 	 2.33862967e-21 	 7.18379418e-27
	59 	 2.33862894e-21 	 7.09869064e-27
	60 	 2.33862836e-21 	 7.00320452e-27
	61 	 2.33862829e-21 	 6.88778302e-27
	62 	 2.33862819e-21 	 6.7765617e-27
	63 	 2.33862866e-21 	 6.68516252e-27
	64 	 2.33862974e-21 	 6.66693353e-27
	65 	 2.33863097e-21 	 6.67871092e-27
	66 	 2.33863208e-21 	 6.66957745e-27
	67 	 2.33863318e-21 	 6.66053266e-27
	68 	 2.3386343e-21 	 6.65613859e-27
	69 	 2.33863473e-21 	 6.57341596e-27
	70 	 2.33863502e-21 	 6.48527344e-27
	71 	 2.33863519e-21 	 6.39555734e-27
	72 	 2.3386354e-21 	 6.30954955e-27
	73 	 2.33863559e-21 	 6.22525941e-27
	74 	 2.33863588e-21 	 6.14754952e-27
	75 	 2.33863597e-21 	 6.06572126e-27
	76 	 2.33863645e-21 	 6.00456677e-27
	77 	 2.33863678e-21 	 5.9351315e-27
	78 	 2.33863728e-21 	 5.88035519e-27
	79 	 2.33863818e-21 	 5.87479645e-27
	80 	 2.33863878e-21 	 5.83107583e-27
	81 	 2.33863876e-21 	 5.75864985e-27
	82 	 2.33863872e-21 	 5.68815287e-27
	83 	 2.33863918e-21 	 5.63803898e-27
	84 	 2.33863958e-21 	 5.5846206e-27
	85 	 2.33863962e-21 	 5.51867583e-27
	86 	 2.33864004e-21 	 5.47005802e-27
	87 	 2.3386406e-21 	 5.43585237e-27
	88 	 2.33864128e-21 	 5.41709192e-27
	89 	 2.33864209e-21 	 5.41602494e-27
	90 	 2.33864274e-21 	 5.39517854e-27
	91 	 2.3386433e-21 	 5.36467091e-27
	92 	 2.33864384e-21 	 5.33411038e-27
	93 	 2.33864478e-21 	 5.35927351e-27
	94 	 2.33864591e-21 	 5.41991489e-27
	95 	 2.33864685e-21 	 5.44562482e-27
	96 	 2.33864798e-21 	 5.50603959e-27
	97 	 2.33864943e-21 	 5.63843606e-27
	98 	 2.33865059e-21 	 5.6999328e-27
	99 	 2.33865211e-21 	 5.84103603e-27
	100 	 2.33865347e-21 	 5.93993553e-27
	1 	 2.33147009e-21 	 0
	2 	 2.33147828e-21 	 8.1975486e-27
	3 	 2.33148445e-21 	 7.77534091e-27
	4 	 2.33148611e-21 	 5.74341131e-27
	5 	 2.33148148e-21 	 6.42144484e-27
	6 	 2.33147177e-21 	 1.10356412e-26
	7 	 2.33145973e-21 	 1.52281661e-26
	8 	 2.33145025e-21 	 1.62435267e-26
	9 	 2.33144056e-21 	 1.72980694e-26
	10 	 2.33143285e-21 	 1.72855876e-26
	11 	 2.33142383e-21 	 1.80473139e-26
	12 	 2.33141454e-21 	 1.89136874e-26
	13 	 2.33140635e-21 	 1.9230863e-26
	14 	 2.33139952e-21 	 1.90709843e-26
	15 	 2.3313927e-21 	 1.9018697e-26
	16 	 2.3313872e-21 	 1.86192933e-26
	17 	 2.33138366e-21 	 1.78460588e-26
	18 	 2.33137997e-21 	 1.72248161e-26
	19 	 2.33137608e-21 	 1.67506688e-26
	20 	 2.33137337e-21 	 1.61200006e-26
	21 	 2.33137023e-21 	 1.56518085e-26
	22 	 2.33136603e-21 	 1.55028239e-26
	23 	 2.33136132e-21 	 1.5545214e-26
	24 	 2.3313577e-21 	 1.53175047e-26
	25 	 2.33135422e-21 	 1.50985661e-26
	26 	 2.33135194e-21 	 1.46836115e-26
	27 	 2.33135023e-21 	 1.42326767e-26
	28 	 2.33134859e-21 	 1.38125304e-26
	29 	 2.33134793e-21 	 1.33442415e-26
	30 	 2.33134696e-21 	 1.29281742e-26
	31 	 2.33134635e-21 	 1.25189188e-26
	32 	 2.33134573e-21 	 1.21371882e-26
	33 	 2.33134471e-21 	 1.18078454e-26
	34 	 2.33134386e-21 	 1.14871395e-26
	35 	 2.33134256e-21 	 1.12293693e-26
	36 	 2.3313412e-21 	 1.09971126e-26
	37 	 2.33134042e-21 	 1.07242606e-26
	38 	 2.33133954e-21 	 1.04753971e-26
	39 	 2.33133875e-21 	 1.02333029e-26
	40 	 2.33133907e-21 	 9.97917892e-27
	41 	 2.33133964e-21 	 9.7495467e-27
	42 	 2.33133923e-21 	 9.52357434e-27
	43 	 2.3313373e-21 	 9.49785764e-27
	44 	 2.33133586e-21 	 9.39035718e-27
	45 	 2.33133514e-21 	 9.20713875e-27
	46 	 2.33133382e-21 	 9.10069367e-27
	47 	 2.33133299e-21 	 8.94401512e-27
	48 	 2.33133207e-21 	 8.80380133e-27
	49 	 2.33133068e-21 	 8.73282842e-27
	50 	 2.33132954e-21 	 8.63202379e-27
	51 	 2.33132902e-21 	 8.47759258e-27
	52 	 2.33132828e-21 	 8.34571689e-27
	53 	 2.33132874e-21 	 8.19981381e-27
	54 	 2.33132936e-21 	 8.07070543e-27
	55 	 2.33132926e-21 	 7.92325724e-27
	56 	 2.33132877e-21 	 7.79592786e-27
	57 	 2.33132855e-21 	 7.6610391e-27
	58 	 2.33132852e-21 	 7.52785302e-27
	59 	 2.33132885e-21 	 7.40643169e-27
	60 	 2.33132942e-21 	 7.30381356e-27
	61 	 2.33133016e-21 	 7.22155758e-27
	62 	 2.3313308e-21 	 7.13252401e-27
	63 	 2.3313314e-21 	 7.04441591e-27
	64 	 2.33133193e-21 	 6.95362412e-27
	65 	 2.33133217e-21 	 6.84988524e-27
	66 	 2.33133189e-21 	 6.7508552e-27
	67 	 2.33133118e-21 	 6.68744374e-27
	68 	 2.33132983e-21 	 6.7256548e-27
	69 	 2.33132868e-21 	 6.7256323e-27
	70 	 2.33132783e-21 	 6.68326081e-27
	71 	 2.33132708e-21 	 6.63166062e-27
	72 	 2.33132594e-21 	 6.63716387e-27
	73 	 2.33132459e-21 	 6.68366891e-27
	74 	 2.33132312e-21 	 6.7535592e-27
	75 	 2.33132207e-21 	 6.74613064e-27
	76 	 2.33132129e-21 	 6.7019526e-27
	77 	 2.33132e-21 	 6.73792548e-27
	78 	 2.33131852e-21 	 6.81578736e-27
	79 	 2.33131684e-21 	 6.93440819e-27
	80 	 2.33131547e-21 	 6.982425e-27
	81 	 2.33131405e-21 	 7.0399213e-27
	82 	 2.3313123e-21 	 7.17198865e-27
	83 	 2.33130993e-21 	 7.46954511e-27
	84 	 2.33130724e-21 	 7.85667562e-27
	85 	 2.33130487e-21 	 8.11728616e-27
	86 	 2.33130286e-21 	 8.26896772e-27
	87 	 2.33130126e-21 	 8.3293473e-27
	88 	 2.33129989e-21 	 8.34667646e-27
	89 	 2.3312982e-21 	 8.42486192e-27
	90 	 2.33129646e-21 	 8.50981849e-27
	91 	 2.33129491e-21 	 8.55693468e-27
	92 	 2.33129336e-21 	 8.60455227e-27
	93 	 2.33129206e-21 	 8.61006642e-27
	94 	 2.33129081e-21 	 8.60950118e-27
	95 	 2.33128967e-21 	 8.59385583e-27
	96 	 2.33128867e-21 	 8.56246383e-27
	97 	 2.33128802e-21 	 8.49891819e-27
	98 	 2.33128768e-21 	 8.41843514e-27
	99 	 2.33128744e-21 	 8.33644059e-27
	100 	 2.33128708e-21 	 8.26065894e-27
	1 	 2.41376222e-21 	 0
	2 	 2.41377743e-21 	 1.52072637e-26
	3 	 2.41377666e-21 	 8.81310828e-27
	4 	 2.41376479e-21 	 1.34089747e-26
	5 	 2.41375495e-21 	 1.43037509e-26
	6 	 2.41374962e-21 	 1.28402497e-26
	7 	 2.41374915e-21 	 1.08619445e-26
	8 	 2.41374524e-21 	 1.01891777e-26
	9 	 2.41374564e-21 	 8.99491624e-27
	10 	 2.41374959e-21 	 8.9625699e-27
	11 	 2.41375201e-21 	 8.46183191e-27
	12 	 2.4137553e-21 	 8.39342223e-27
	13 	 2.41376052e-21 	 9.32001605e-27
	14 	 2.41376514e-21 	 9.79067269e-27
	15 	 2.41376941e-21 	 1.00657705e-26
	16 	 2.4137753e-21 	 1.1103998e-26
	17 	 2.41378137e-21 	 1.20667531e-26
	18 	 2.41378495e-21 	 1.19272119e-26
	19 	 2.41378671e-21 	 1.14185049e-26
	20 	 2.41378842e-21 	 1.09672445e-26
	21 	 2.41379097e-21 	 1.07374408e-26
	22 	 2.41379506e-21 	 1.10245973e-26
	23 	 2.41379992e-21 	 1.1601736e-26
	24 	 2.4138056e-21 	 1.24747315e-26
	25 	 2.41381109e-21 	 1.31674148e-26
	26 	 2.41381706e-21 	 1.39866539e-26
	27 	 2.41382344e-21 	 1.48968663e-26
	28 	 2.41383095e-21 	 1.61979155e-26
	29 	 2.41383952e-21 	 1.78256753e-26
	30 	 2.41384936e-21 	 1.98361639e-26
	31 	 2.41385866e-21 	 2.13219025e-26
	32 	 2.41386714e-21 	 2.23177235e-26
	33 	 2.41387482e-21 	 2.29540711e-26
	34 	 2.41388256e-21 	 2.35752387e-26
	35 	 2.4138893e-21 	 2.38617965e-26
	36 	 2.41389499e-21 	 2.38782411e-26
	37 	 2.41389979e-21 	 2.37138261e-26
	38 	 2.41390386e-21 	 2.34373672e-26
	39 	 2.41390735e-21 	 2.30944384e-26
	40 	 2.41391085e-21 	 2.27795051e-26
	41 	 2.41391462e-21 	 2.2534777e-26
	42 	 2.41391768e-21 	 2.22041688e-26
	43 	 2.41392124e-21 	 2.19724543e-26
	44 	 2.41392466e-21 	 2.17368539e-26
	45 	 2.41392753e-21 	 2.14410789e-26
	46 	 2.41393031e-21 	 2.11531669e-26
	47 	 2.41393311e-21 	 2.08874095e-26
	48 	 2.41393603e-21 	 2.06554926e-26
	49 	 2.41393778e-21 	 2.03050944e-26
	50 	 2.41393911e-21 	 1.9939118e-26
	51 	 2.41393979e-21 	 1.95561987e-26
	52 	 2.41394033e-21 	 1.91838936e-26
	53 	 2.41394083e-21 	 1.88250625e-26
	54 	 2.41394096e-21 	 1.84736009e-26
	55 	 2.41394147e-21 	 1.81418052e-26
	56 	 2.41394203e-21 	 1.78237547e-26
	57 	 2.4139425e-21 	 1.75147024e-26
	58 	 2.41394305e-21 	 1.72185912e-26
	59 	 2.4139439e-21 	 1.69458745e-26
	60 	 2.41394487e-21 	 1.66888884e-26
	61 	 2.41394586e-21 	 1.64432908e-26
	62 	 2.41394637e-21 	 1.61839033e-26
	63 	 2.41394683e-21 	 1.5931546e-26
	64 	 2.41394718e-21 	 1.56845488e-26
	65 	 2.41394736e-21 	 1.54424142e-26
	66 	 2.41394796e-21 	 1.52183132e-26
	67 	 2.41394873e-21 	 1.50094004e-26
	68 	 2.41394953e-21 	 1.48089376e-26
	69 	 2.41395021e-21 	 1.46083029e-26
	70 	 2.41395035e-21 	 1.43988238e-26
	71 	 2.41394941e-21 	 1.42260224e-26
	72 	 2.4139485e-21 	 1.40566447e-26
	73 	 2.41394773e-21 	 1.38841425e-26
	74 	 2.41394691e-21 	 1.37192669e-26
	75 	 2.41394666e-21 	 1.3537421e-26
	76 	 2.41394658e-21 	 1.33583525e-26
	77 	 2.41394643e-21 	 1.31846013e-26
	78 	 2.41394614e-21 	 1.30176285e-26
	79 	 2.41394569e-21 	 1.28598529e-26
	80 	 2.41394554e-21 	 1.26989138e-26
	81 	 2.41394521e-21 	 1.25455702e-26
	82 	 2.41394489e-21 	 1.23959056e-26
	83 	 2.41394438e-21 	 1.2256318e-26
	84 	 2.41394386e-21 	 1.21206698e-26
	85 	 2.41394283e-21 	 1.20210945e-26
	86 	 2.41394149e-21 	 1.19558246e-26
	87 	 2.41393928e-21 	 1.20229584e-26
	88 	 2.41393653e-21 	 1.21995884e-26
	89 	 2.41393358e-21 	 1.24172476e-26
	90 	 2.41393074e-21 	 1.26015714e-26
	91 	 2.41392775e-21 	 1.28164492e-26
	92 	 2.41392443e-21 	 1.31032925e-26
	93 	 2.41392102e-21 	 1.34038641e-26
	94 	 2.41391757e-21 	 1.37012734e-26
	95 	 2.41391407e-21 	 1.39997093e-26
	96 	 2.41391076e-21 	 1.42439895e-26
	97 	 2.41390774e-21 	 1.44163292e-26
	98 	 2.41390499e-21 	 1.45310237e-26
	99 	 2.41390231e-21 	 1.46302708e-26
	100 	 2.41389957e-21 	 1.47406969e-26
	1 	 2.31225679e-21 	 0
	2 	 2.31226035e-21 	 3.56667317e-27
	3 	 2.31224833e-21 	 1.21997531e-26
	4 	 2.31223839e-21 	 1.31632461e-26
	5 	 2.31223639e-21 	 1.03893843e-26
	6 	 2.31223549e-21 	 8.53027293e-27
	7 	 2.31223107e-21 	 8.45881783e-27
	8 	 2.31222561e-21 	 9.13506106e-27
	9 	 2.31222295e-21 	 8.48454608e-27
	10 	 2.31222072e-21 	 7.90884861e-27
	11 	 2.31222034e-21 	 7.16410852e-27
	12 	 2.3122218e-21 	 6.70008423e-27
	13 	 2.31222474e-21 	 6.82804947e-27
	14 	 2.31222605e-21 	 6.45731759e-27
	15 	 2.31222516e-21 	 6.07703286e-27
	16 	 2.31222523e-21 	 5.68496455e-27
	17 	 2.31222685e-21 	 5.58003782e-27
	18 	 2.3122303e-21 	 6.29057656e-27
	19 	 2.31223342e-21 	 6.71904002e-27
	20 	 2.31223509e-21 	 6.58945705e-27
	21 	 2.31223692e-21 	 6.52894516e-27
	22 	 2.31223818e-21 	 6.35162387e-27
	23 	 2.31223845e-21 	 6.075298e-27
	24 	 2.3122394e-21 	 5.89334919e-27
	25 	 2.31224083e-21 	 5.83090692e-27
	26 	 2.31224237e-21 	 5.80924434e-27
	27 	 2.31224256e-21 	 5.5932353e-27
	28 	 2.31224323e-21 	 5.43109283e-27
	29 	 2.31224372e-21 	 5.26309186e-27
	30 	 2.31224454e-21 	 5.15161444e-27
	31 	 2.31224549e-21 	 5.07155401e-27
	32 	 2.31224595e-21 	 4.93239576e-27
	33 	 2.31224653e-21 	 4.8151532e-27
	34 	 2.31224737e-21 	 4.74668838e-27
	35 	 2.31224873e-21 	 4.80502536e-27
	36 	 2.31225051e-21 	 4.99834108e-27
	37 	 2.31225304e-21 	 5.48117259e-27
	38 	 2.31225637e-21 	 6.28979889e-27
	39 	 2.31225977e-21 	 7.00347417e-27
	40 	 2.31226351e-21 	 7.78237755e-27
	41 	 2.31226704e-21 	 8.3707852e-27
	42 	 2.31227081e-21 	 8.99776964e-27
	43 	 2.3122745e-21 	 9.53192277e-27
	44 	 2.31227821e-21 	 1.00236776e-26
	45 	 2.31228224e-21 	 1.0592658e-26
	46 	 2.31228629e-21 	 1.11253749e-26
	47 	 2.31228927e-21 	 1.12862484e-26
	48 	 2.31229143e-21 	 1.12572072e-26
	49 	 2.31229393e-21 	 1.13063815e-26
	50 	 2.31229695e-21 	 1.14816366e-26
	51 	 2.3123e-21 	 1.16592178e-26
	52 	 2.31230378e-21 	 1.20428398e-26
	53 	 2.31230786e-21 	 1.24987436e-26
	54 	 2.31231205e-21 	 1.29590858e-26
	55 	 2.31231665e-21 	 1.35298297e-26
	56 	 2.31232097e-21 	 1.39705775e-26
	57 	 2.31232513e-21 	 1.43382767e-26
	58 	 2.31232922e-21 	 1.46714592e-26
	59 	 2.31233253e-21 	 1.47954805e-26
	60 	 2.31233524e-21 	 1.47964334e-26
	61 	 2.31233824e-21 	 1.48574638e-26
	62 	 2.31234186e-21 	 1.5058505e-26
	63 	 2.31234527e-21 	 1.52057037e-26
	64 	 2.31234882e-21 	 1.53803003e-26
	65 	 2.31235244e-21 	 1.55687625e-26
	66 	 2.31235615e-21 	 1.57726226e-26
	67 	 2.31236042e-21 	 1.61141737e-26
	68 	 2.31236434e-21 	 1.63505162e-26
	69 	 2.31236778e-21 	 1.64747041e-26
	70 	 2.31237066e-21 	 1.64920923e-26
	71 	 2.31237337e-21 	 1.64812597e-26
	72 	 2.31237582e-21 	 1.6435621e-26
	73 	 2.31237856e-21 	 1.64386428e-26
	74 	 2.31238138e-21 	 1.64578154e-26
	75 	 2.31238428e-21 	 1.64942374e-26
	76 	 2.31238676e-21 	 1.64635464e-26
	77 	 2.31238946e-21 	 1.64704755e-26
	78 	 2.31239178e-21 	 1.64232739e-26
	79 	 2.31239419e-21 	 1.6392383e-26
	80 	 2.31239656e-21 	 1.63578661e-26
	81 	 2.31239875e-21 	 1.63025656e-26
	82 	 2.31240102e-21 	 1.62615769e-26
	83 	 2.31240357e-21 	 1.62668014e-26
	84 	 2.31240564e-21 	 1.62042994e-26
	85 	 2.3124077e-21 	 1.61450051e-26
	86 	 2.31240931e-21 	 1.60364902e-26
	87 	 2.31241022e-21 	 1.5877563e-26
	88 	 2.31241116e-21 	 1.57239973e-26
	89 	 2.31241248e-21 	 1.56018997e-26
	90 	 2.31241397e-21 	 1.54999941e-26
	91 	 2.31241564e-21 	 1.54192663e-26
	92 	 2.31241753e-21 	 1.53677117e-26
	93 	 2.31241935e-21 	 1.53100322e-26
	94 	 2.31242097e-21 	 1.52322316e-26
	95 	 2.31242275e-21 	 1.51759536e-26
	96 	 2.31242493e-21 	 1.51749527e-26
	97 	 2.312427e-21 	 1.51595866e-26
	98 	 2.3124291e-21 	 1.51494174e-26
	99 	 2.31243099e-21 	 1.51150845e-26
	100 	 2.31243253e-21 	 1.50421331e-26
	1 	 2.32825258e-21 	 0
	2 	 2.32820034e-21 	 5.22439199e-26
	3 	 2.32816024e-21 	 5.01736413e-26
	4 	 2.32813258e-21 	 4.49853193e-26
	5 	 2.32813906e-21 	 3.54431384e-26
	6 	 2.32814731e-21 	 3.00919558e-26
	7 	 2.32815338e-21 	 2.61453369e-26
	8 	 2.32816025e-21 	 2.36612035e-26
	9 	 2.32816734e-21 	 2.20386429e-26
	10 	 2.32817395e-21 	 2.07910796e-26
	11 	 2.32817685e-21 	 1.90285932e-26
	12 	 2.32818495e-21 	 1.91694827e-26
	13 	 2.32818984e-21 	 1.82986567e-26
	14 	 2.32817886e-21 	 2.01924227e-26
	15 	 2.32817188e-21 	 2.00515379e-26
	16 	 2.32816714e-21 	 1.93450656e-26
	17 	 2.32816164e-21 	 1.89864823e-26
	18 	 2.32815098e-21 	 2.08335491e-26
	19 	 2.32813985e-21 	 2.26343091e-26
	20 	 2.32813171e-21 	 2.29645175e-26
	21 	 2.32812609e-21 	 2.25544781e-26
	22 	 2.32811641e-21 	 2.35807435e-26
	23 	 2.32810715e-21 	 2.43606496e-26
	24 	 2.32809971e-21 	 2.44810795e-26
	25 	 2.32809077e-21 	 2.51289804e-26
	26 	 2.32808132e-21 	 2.59234346e-26
	27 	 2.32807616e-21 	 2.54738646e-26
	28 	 2.32807396e-21 	 2.46452253e-26
	29 	 2.32806962e-21 	 2.41732454e-26
	30 	 2.32806616e-21 	 2.36088094e-26
	31 	 2.32806189e-21 	 2.3230146e-26
	32 	 2.32805902e-21 	 2.26752123e-26
	33 	 2.32805725e-21 	 2.20480142e-26
	34 	 2.32805621e-21 	 2.14151069e-26
	35 	 2.32805564e-21 	 2.08019872e-26
	36 	 2.32805556e-21 	 2.02160763e-26
	37 	 2.32805514e-21 	 1.96665536e-26
	38 	 2.3280566e-21 	 1.91972595e-26
	39 	 2.32805909e-21 	 1.88635205e-26
	40 	 2.32806346e-21 	 1.8898988e-26
	41 	 2.32806769e-21 	 1.89103804e-26
	42 	 2.32807244e-21 	 1.90580554e-26
	43 	 2.328072e-21 	 1.86148975e-26
	44 	 2.32806913e-21 	 1.84119913e-26
	45 	 2.3280643e-21 	 1.86346291e-26
	46 	 2.32805596e-21 	 2.00443726e-26
	47 	 2.32804639e-21 	 2.18210162e-26
	48 	 2.3280383e-21 	 2.28439322e-26
	49 	 2.32803336e-21 	 2.29098277e-26
	50 	 2.32803179e-21 	 2.25023527e-26
	51 	 2.32803225e-21 	 2.20616033e-26
	52 	 2.32803357e-21 	 2.16731766e-26
	53 	 2.32803484e-21 	 2.12985303e-26
	54 	 2.32803527e-21 	 2.09048195e-26
	55 	 2.32803679e-21 	 2.05769999e-26
	56 	 2.32804112e-21 	 2.06651006e-26
	57 	 2.32804618e-21 	 2.09213147e-26
	58 	 2.32805186e-21 	 2.1327621e-26
	59 	 2.32805742e-21 	 2.16866212e-26
	60 	 2.3280609e-21 	 2.16052573e-26
	61 	 2.32806512e-21 	 2.16620285e-26
	62 	 2.32806989e-21 	 2.18381269e-26
	63 	 2.32807313e-21 	 2.17315238e-26
	64 	 2.32807682e-21 	 2.1704815e-26
	65 	 2.32807869e-21 	 2.1449727e-26
	66 	 2.32808032e-21 	 2.1185112e-26
	67 	 2.32808348e-21 	 2.11048376e-26
	68 	 2.32808741e-21 	 2.11611445e-26
	69 	 2.32809097e-21 	 2.11532583e-26
	70 	 2.32809171e-21 	 2.08618638e-26
	71 	 2.32809093e-21 	 2.05805242e-26
	72 	 2.32808863e-21 	 2.04228477e-26
	73 	 2.32808619e-21 	 2.02881165e-26
	74 	 2.3280839e-21 	 2.01431766e-26
	75 	 2.32808349e-21 	 1.98768642e-26
	76 	 2.32808406e-21 	 1.96217457e-26
	77 	 2.32808517e-21 	 1.93968131e-26
	78 	 2.32808707e-21 	 1.92405944e-26
	79 	 2.32808982e-21 	 1.91942477e-26
	80 	 2.32809343e-21 	 1.9292416e-26
	81 	 2.32809722e-21 	 1.94267135e-26
	82 	 2.32810046e-21 	 1.94595401e-26
	83 	 2.32810304e-21 	 1.9396523e-26
	84 	 2.32810375e-21 	 1.91773835e-26
	85 	 2.32810353e-21 	 1.89517322e-26
	86 	 2.32810393e-21 	 1.87343948e-26
	87 	 2.32810421e-21 	 1.85198981e-26
	88 	 2.32810415e-21 	 1.83083206e-26
	89 	 2.32810394e-21 	 1.81026452e-26
	90 	 2.32810399e-21 	 1.79004231e-26
	91 	 2.32810318e-21 	 1.7721121e-26
	92 	 2.32810191e-21 	 1.7573307e-26
	93 	 2.32809996e-21 	 1.74925524e-26
	94 	 2.32809749e-21 	 1.7480152e-26
	95 	 2.32809622e-21 	 1.734199e-26
	96 	 2.3280962e-21 	 1.71603981e-26
	97 	 2.32809737e-21 	 1.70222829e-26
	98 	 2.32809974e-21 	 1.70146082e-26
	99 	 2.32810129e-21 	 1.69125094e-26
	100 	 2.32810256e-21 	 1.67905977e-26
