1 	 -0.273269 	 0
2 	 -0.293355 	 0.0200858
3 	 -0.337675 	 0.0458122
4 	 -0.329339 	 0.0334494
5 	 -0.321674 	 0.0270199
6 	 -0.323718 	 0.0221561
7 	 -0.326592 	 0.0189446
8 	 -0.325391 	 0.0164503
9 	 -0.320893 	 0.0151892
10 	 -0.3167 	 0.0142181
11 	 -0.322131 	 0.0139604
12 	 -0.322013 	 0.0127446
13 	 -0.323862 	 0.0118683
14 	 -0.325432 	 0.0110996
15 	 -0.328329 	 0.0107314
16 	 -0.332432 	 0.0108444
17 	 -0.338077 	 0.0116463
18 	 -0.3296 	 0.0138718
19 	 -0.32527 	 0.0138173
20 	 -0.325385 	 0.0131087
21 	 -0.318383 	 0.0143004
22 	 -0.321569 	 0.0140022
23 	 -0.318063 	 0.0138315
24 	 -0.317963 	 0.013243
25 	 -0.316266 	 0.012815
26 	 -0.317122 	 0.012342
27 	 -0.319747 	 0.0121626
28 	 -0.322125 	 0.0119592
29 	 -0.323336 	 0.0116028
30 	 -0.31838 	 0.0122558
31 	 -0.320475 	 0.0120376
32 	 -0.321826 	 0.0117333
33 	 -0.32371 	 0.0115272
34 	 -0.321644 	 0.0113723
35 	 -0.317568 	 0.0117709
36 	 -0.315839 	 0.0115692
37 	 -0.31381 	 0.0114336
38 	 -0.3138 	 0.0111287
39 	 -0.315649 	 0.0109961
40 	 -0.31593 	 0.0107214
41 	 -0.316785 	 0.0104916
42 	 -0.31867 	 0.0104106
43 	 -0.316727 	 0.0103496
44 	 -0.317899 	 0.0101793
45 	 -0.318346 	 0.00996062
46 	 -0.318254 	 0.00974212
47 	 -0.317305 	 0.00957968
48 	 -0.317236 	 0.00937824
49 	 -0.31863 	 0.00929009
50 	 -0.318261 	 0.00910988
51 	 -0.316957 	 0.00902418
52 	 -0.316241 	 0.00887789
53 	 -0.314611 	 0.00885994
54 	 -0.315371 	 0.00872747
55 	 -0.315293 	 0.00856768
56 	 -0.316091 	 0.00845109
57 	 -0.316913 	 0.0083421
58 	 -0.317418 	 0.00821254
59 	 -0.317709 	 0.00807741
60 	 -0.318868 	 0.00802567
61 	 -0.317996 	 0.00794096
62 	 -0.317917 	 0.00781223
63 	 -0.318246 	 0.00769429
64 	 -0.319709 	 0.00771316
65 	 -0.3195 	 0.00759646
66 	 -0.319885 	 0.00749039
67 	 -0.319738 	 0.00737922
68 	 -0.319144 	 0.00729409
69 	 -0.320122 	 0.00725387
70 	 -0.320133 	 0.0071495
71 	 -0.320009 	 0.00704917
72 	 -0.319856 	 0.00695225
73 	 -0.32046 	 0.00688288
74 	 -0.320937 	 0.00680599
75 	 -0.319727 	 0.00682287
76 	 -0.320497 	 0.00677644
77 	 -0.320583 	 0.00668841
78 	 -0.321076 	 0.0066205
79 	 -0.319814 	 0.00665687
80 	 -0.320131 	 0.00658077
81 	 -0.318722 	 0.00665011
82 	 -0.318542 	 0.00657096
83 	 -0.318049 	 0.00651003
84 	 -0.318004 	 0.00643222
85 	 -0.318661 	 0.00638994
86 	 -0.319047 	 0.006327
87 	 -0.318604 	 0.00626952
88 	 -0.318311 	 0.00620482
89 	 -0.319258 	 0.00620739
90 	 -0.319914 	 0.00617302
91 	 -0.319495 	 0.00611921
92 	 -0.31944 	 0.00605258
93 	 -0.318352 	 0.00608519
94 	 -0.318109 	 0.00602501
95 	 -0.318826 	 0.00600424
96 	 -0.319199 	 0.00595307
97 	 -0.319253 	 0.00589163
98 	 -0.318804 	 0.00584847
99 	 -0.31895 	 0.00579094
100 	 -0.316995 	 0.00605703
101 	 -0.31707 	 0.00599723
102 	 -0.317921 	 0.00599894
103 	 -0.317276 	 0.00597537
104 	 -0.317542 	 0.00592362
105 	 -0.317408 	 0.00586849
106 	 -0.318179 	 0.00586384
107 	 -0.318153 	 0.00580884
108 	 -0.318263 	 0.00575585
109 	 -0.31875 	 0.00572351
110 	 -0.318877 	 0.00567268
111 	 -0.318978 	 0.00562224
112 	 -0.318825 	 0.00557391
113 	 -0.316974 	 0.00582628
114 	 -0.31751 	 0.00579983
115 	 -0.316481 	 0.00584057
116 	 -0.316547 	 0.00579037
117 	 -0.316005 	 0.00576618
118 	 -0.316055 	 0.00571732
119 	 -0.316215 	 0.00567134
120 	 -0.316094 	 0.00562518
121 	 -0.315816 	 0.00558547
122 	 -0.315723 	 0.00554027
123 	 -0.316603 	 0.00556504
124 	 -0.316788 	 0.00552308
125 	 -0.316594 	 0.00548215
126 	 -0.317164 	 0.00546823
127 	 -0.317192 	 0.00542508
128 	 -0.316613 	 0.00541358
129 	 -0.31612 	 0.00539407
130 	 -0.314523 	 0.00558543
131 	 -0.314952 	 0.00555916
132 	 -0.315145 	 0.00552028
133 	 -0.314884 	 0.00548487
134 	 -0.313553 	 0.00560405
135 	 -0.313327 	 0.00556698
136 	 -0.312906 	 0.00554192
137 	 -0.312774 	 0.00550289
138 	 -0.312083 	 0.00550645
139 	 -0.312233 	 0.00546874
140 	 -0.311448 	 0.00548589
141 	 -0.311178 	 0.00545354
142 	 -0.310923 	 0.00542102
143 	 -0.310865 	 0.00538329
144 	 -0.311176 	 0.00535484
145 	 -0.3106 	 0.0053489
146 	 -0.310544 	 0.00531244
147 	 -0.309351 	 0.00540921
148 	 -0.309329 	 0.00537259
149 	 -0.309138 	 0.00533979
150 	 -0.308889 	 0.00530995
151 	 -0.309156 	 0.00528145
152 	 -0.309109 	 0.0052468
153 	 -0.309153 	 0.00521257
154 	 -0.309345 	 0.0051822
155 	 -0.309854 	 0.00517371
156 	 -0.309605 	 0.00514645
157 	 -0.309367 	 0.00511913
158 	 -0.309339 	 0.0050867
159 	 -0.309248 	 0.00505541
160 	 -0.30983 	 0.00505729
161 	 -0.309057 	 0.00508488
162 	 -0.309303 	 0.00505937
163 	 -0.309293 	 0.00502824
164 	 -0.30918 	 0.00499878
165 	 -0.308974 	 0.00497263
166 	 -0.309215 	 0.00494846
167 	 -0.309287 	 0.00491926
168 	 -0.309389 	 0.00489096
169 	 -0.309298 	 0.0048628
170 	 -0.309415 	 0.00483552
171 	 -0.310237 	 0.00487692
172 	 -0.310446 	 0.00485301
173 	 -0.310592 	 0.00482707
174 	 -0.310932 	 0.00481129
175 	 -0.310613 	 0.00479436
176 	 -0.310486 	 0.00476872
177 	 -0.310664 	 0.00474505
178 	 -0.3102 	 0.0047411
179 	 -0.310101 	 0.00471557
180 	 -0.30929 	 0.00475899
181 	 -0.309763 	 0.00475625
182 	 -0.309583 	 0.00473346
183 	 -0.30984 	 0.00471455
184 	 -0.310052 	 0.00469363
185 	 -0.310421 	 0.00468278
186 	 -0.310222 	 0.00466182
187 	 -0.310498 	 0.00464508
188 	 -0.310148 	 0.00463353
189 	 -0.310193 	 0.00460916
190 	 -0.310528 	 0.00459706
191 	 -0.31034 	 0.00457676
192 	 -0.310722 	 0.00456878
193 	 -0.310921 	 0.00454942
194 	 -0.310915 	 0.00452591
195 	 -0.309979 	 0.00459895
196 	 -0.309531 	 0.00459732
197 	 -0.30978 	 0.00458073
198 	 -0.31013 	 0.00457095
199 	 -0.309931 	 0.00455228
200 	 -0.310406 	 0.00455428
201 	 -0.310541 	 0.00453358
202 	 -0.311148 	 0.00455171
203 	 -0.311049 	 0.00453033
204 	 -0.310923 	 0.00450983
205 	 -0.310492 	 0.00450834
206 	 -0.30961 	 0.00457236
207 	 -0.309644 	 0.00455034
208 	 -0.30928 	 0.004543
209 	 -0.309056 	 0.00452676
210 	 -0.309257 	 0.00450963
211 	 -0.309442 	 0.00449204
212 	 -0.309348 	 0.0044718
213 	 -0.308754 	 0.00449013
214 	 -0.308883 	 0.00447094
215 	 -0.308866 	 0.00445013
216 	 -0.308485 	 0.00444589
217 	 -0.308248 	 0.00443168
218 	 -0.308064 	 0.00441513
219 	 -0.308193 	 0.00439681
220 	 -0.308242 	 0.00437705
221 	 -0.30853 	 0.00436675
222 	 -0.308226 	 0.00435766
223 	 -0.308517 	 0.00434782
224 	 -0.308536 	 0.00432841
225 	 -0.30866 	 0.0043109
226 	 -0.309063 	 0.00431068
227 	 -0.308926 	 0.00429382
228 	 -0.308736 	 0.00427919
229 	 -0.308826 	 0.00426143
230 	 -0.308727 	 0.00424403
231 	 -0.308723 	 0.00422562
232 	 -0.308521 	 0.00421225
233 	 -0.308855 	 0.00420748
234 	 -0.309451 	 0.00423161
235 	 -0.309944 	 0.00424227
236 	 -0.308686 	 0.00440772
237 	 -0.308641 	 0.00438931
238 	 -0.308583 	 0.00437122
239 	 -0.308849 	 0.00436104
240 	 -0.309231 	 0.00435964
241 	 -0.309082 	 0.00434407
242 	 -0.309358 	 0.00433483
243 	 -0.308972 	 0.00433415
244 	 -0.309056 	 0.00431716
245 	 -0.309392 	 0.00431267
246 	 -0.308888 	 0.00432467
247 	 -0.308744 	 0.00430952
248 	 -0.308624 	 0.00429379
249 	 -0.308846 	 0.00428228
250 	 -0.30846 	 0.00428251
251 	 -0.308265 	 0.00426989
252 	 -0.307886 	 0.00426978
253 	 -0.307852 	 0.004253
254 	 -0.307336 	 0.00426761
255 	 -0.307343 	 0.00425085
256 	 -0.307582 	 0.00424098
257 	 -0.307374 	 0.00422956
258 	 -0.307835 	 0.00423825
259 	 -0.307667 	 0.0042252
260 	 -0.307943 	 0.00421799
261 	 -0.30783 	 0.00420331
262 	 -0.308075 	 0.00419436
263 	 -0.3084 	 0.00419102
264 	 -0.308629 	 0.00418141
265 	 -0.308671 	 0.0041658
266 	 -0.308673 	 0.00415011
267 	 -0.308805 	 0.00413666
268 	 -0.308473 	 0.00413457
269 	 -0.308762 	 0.00412931
270 	 -0.30891 	 0.00411663
271 	 -0.308626 	 0.00411123
272 	 -0.308564 	 0.00409656
273 	 -0.30872 	 0.00408451
274 	 -0.308663 	 0.00406997
275 	 -0.308336 	 0.00406831
276 	 -0.308339 	 0.00405355
277 	 -0.308517 	 0.00404282
278 	 -0.308534 	 0.00402829
279 	 -0.30829 	 0.00402124
280 	 -0.3085 	 0.00401236
281 	 -0.308153 	 0.00401313
282 	 -0.308024 	 0.00400094
283 	 -0.307964 	 0.00398723
284 	 -0.308122 	 0.0039763
285 	 -0.308038 	 0.0039632
286 	 -0.30831 	 0.00395868
287 	 -0.307987 	 0.00395805
288 	 -0.308113 	 0.00394627
289 	 -0.308394 	 0.00394264
290 	 -0.308463 	 0.00392963
291 	 -0.308586 	 0.00391802
292 	 -0.308828 	 0.00391209
293 	 -0.30862 	 0.00390425
294 	 -0.308714 	 0.00389209
295 	 -0.308849 	 0.00388122
296 	 -0.30823 	 0.00391736
297 	 -0.3081 	 0.00390628
298 	 -0.308203 	 0.00389449
299 	 -0.307363 	 0.0039713
300 	 -0.307398 	 0.0039582
301 	 -0.307258 	 0.00394752
302 	 -0.307138 	 0.00393625
303 	 -0.307376 	 0.00393045
304 	 -0.307006 	 0.00393493
305 	 -0.307199 	 0.00392674
306 	 -0.307328 	 0.003916
307 	 -0.307477 	 0.00390608
308 	 -0.307413 	 0.0038939
309 	 -0.305348 	 0.00439652
310 	 -0.305057 	 0.00439199
311 	 -0.304988 	 0.00437837
312 	 -0.304532 	 0.00438816
313 	 -0.304435 	 0.00437519
314 	 -0.304621 	 0.00436519
315 	 -0.304563 	 0.0043517
316 	 -0.304425 	 0.00434009
317 	 -0.30417 	 0.00433386
318 	 -0.304314 	 0.00432258
319 	 -0.304664 	 0.00432324
320 	 -0.304696 	 0.00430982
321 	 -0.304673 	 0.00429644
322 	 -0.304713 	 0.00428326
323 	 -0.304951 	 0.00427663
324 	 -0.304938 	 0.00426343
325 	 -0.304749 	 0.00425447
326 	 -0.304887 	 0.00424363
327 	 -0.304945 	 0.00423103
328 	 -0.304944 	 0.00421812
329 	 -0.305382 	 0.00422807
330 	 -0.305121 	 0.00422334
331 	 -0.305112 	 0.00421057
332 	 -0.305085 	 0.00419796
333 	 -0.30531 	 0.00419137
334 	 -0.305359 	 0.00417908
335 	 -0.305031 	 0.00417946
336 	 -0.304659 	 0.00418356
337 	 -0.304537 	 0.0041729
338 	 -0.304506 	 0.00416065
339 	 -0.304725 	 0.00415413
340 	 -0.304617 	 0.00414331
341 	 -0.30473 	 0.00413268
342 	 -0.304782 	 0.00412091
343 	 -0.304523 	 0.004117
344 	 -0.304783 	 0.00411324
345 	 -0.304855 	 0.00410193
346 	 -0.304797 	 0.00409047
347 	 -0.304717 	 0.00407946
348 	 -0.304853 	 0.00406999
349 	 -0.304787 	 0.00405884
350 	 -0.305164 	 0.00406473
351 	 -0.305237 	 0.00405379
352 	 -0.304529 	 0.00410385
353 	 -0.3045 	 0.00409231
354 	 -0.304543 	 0.00408096
355 	 -0.304323 	 0.00407538
356 	 -0.304505 	 0.00406799
357 	 -0.304722 	 0.00406239
358 	 -0.304665 	 0.00405143
359 	 -0.304514 	 0.00404294
360 	 -0.304646 	 0.00403384
361 	 -0.304773 	 0.00402465
362 	 -0.304861 	 0.0040145
363 	 -0.304665 	 0.00400824
364 	 -0.304612 	 0.00399757
365 	 -0.304587 	 0.00398667
366 	 -0.304572 	 0.0039758
367 	 -0.304775 	 0.00397015
368 	 -0.304874 	 0.00396059
369 	 -0.304832 	 0.00395007
370 	 -0.304744 	 0.00394036
371 	 -0.304796 	 0.00393007
372 	 -0.304515 	 0.00392959
373 	 -0.304787 	 0.00392849
374 	 -0.30476 	 0.00391806
375 	 -0.304755 	 0.0039076
376 	 -0.304779 	 0.00389727
377 	 -0.304474 	 0.00389885
378 	 -0.304549 	 0.00388925
379 	 -0.304568 	 0.00387902
380 	 -0.304707 	 0.00387129
381 	 -0.304855 	 0.00386392
382 	 -0.304849 	 0.0038538
383 	 -0.304894 	 0.00384398
384 	 -0.305101 	 0.00383955
385 	 -0.305265 	 0.00383305
386 	 -0.305354 	 0.00382414
387 	 -0.305399 	 0.00381451
388 	 -0.305322 	 0.00380543
389 	 -0.305436 	 0.00379733
390 	 -0.305538 	 0.00378896
391 	 -0.30559 	 0.00377961
392 	 -0.305901 	 0.00378275
393 	 -0.305684 	 0.00377935
394 	 -0.305395 	 0.0037808
395 	 -0.305215 	 0.00377549
396 	 -0.305322 	 0.00376745
397 	 -0.305109 	 0.00376397
398 	 -0.30521 	 0.00375584
399 	 -0.305266 	 0.00374684
400 	 -0.30542 	 0.00374064
401 	 -0.305748 	 0.00374569
402 	 -0.305644 	 0.00373781
403 	 -0.305426 	 0.00373488
404 	 -0.305353 	 0.00372633
405 	 -0.305507 	 0.00372029
406 	 -0.305728 	 0.00371771
407 	 -0.305813 	 0.00370954
408 	 -0.305697 	 0.00370225
409 	 -0.305757 	 0.00369368
410 	 -0.305804 	 0.00368496
411 	 -0.305969 	 0.00367968
412 	 -0.306101 	 0.00367311
413 	 -0.306146 	 0.00366448
414 	 -0.305584 	 0.00369858
415 	 -0.305782 	 0.00369498
416 	 -0.305725 	 0.00368653
417 	 -0.305761 	 0.00367786
418 	 -0.305859 	 0.00367035
419 	 -0.305938 	 0.00366243
420 	 -0.305841 	 0.00365499
421 	 -0.3059 	 0.00364677
422 	 -0.305982 	 0.00363906
423 	 -0.30588 	 0.0036319
424 	 -0.305871 	 0.00362334
425 	 -0.305755 	 0.00361665
426 	 -0.305763 	 0.00360816
427 	 -0.305869 	 0.00360125
428 	 -0.305914 	 0.00359311
429 	 -0.306033 	 0.0035867
430 	 -0.305977 	 0.00357879
431 	 -0.305883 	 0.00357172
432 	 -0.305998 	 0.00356531
433 	 -0.306051 	 0.00355745
434 	 -0.306231 	 0.00355384
435 	 -0.306086 	 0.00354863
436 	 -0.305937 	 0.00354361
437 	 -0.305915 	 0.00353557
438 	 -0.305858 	 0.00352794
439 	 -0.3059 	 0.00352015
440 	 -0.305859 	 0.00351238
441 	 -0.306067 	 0.00351057
442 	 -0.306087 	 0.00350267
443 	 -0.305895 	 0.0035
444 	 -0.306028 	 0.00349463
445 	 -0.306058 	 0.00348689
446 	 -0.306184 	 0.00348137
447 	 -0.306127 	 0.00347405
448 	 -0.306088 	 0.0034665
449 	 -0.306251 	 0.00346262
450 	 -0.306153 	 0.00345633
451 	 -0.306025 	 0.00345102
452 	 -0.306186 	 0.00344714
453 	 -0.306205 	 0.00343957
454 	 -0.306377 	 0.00343631
455 	 -0.306321 	 0.0034292
456 	 -0.306297 	 0.00342176
457 	 -0.306225 	 0.00341501
458 	 -0.306171 	 0.00340798
459 	 -0.306289 	 0.00340258
460 	 -0.306308 	 0.00339523
461 	 -0.306096 	 0.00339449
462 	 -0.306062 	 0.00338731
463 	 -0.306166 	 0.00338162
464 	 -0.306137 	 0.00337445
465 	 -0.30587 	 0.00337778
466 	 -0.305927 	 0.00337102
467 	 -0.305926 	 0.00336379
468 	 -0.305786 	 0.00335948
469 	 -0.305836 	 0.00335268
470 	 -0.305712 	 0.00334786
471 	 -0.305757 	 0.00334104
472 	 -0.305702 	 0.00333441
473 	 -0.305575 	 0.00332976
474 	 -0.305659 	 0.00332376
475 	 -0.305735 	 0.00331764
476 	 -0.3057 	 0.00331086
477 	 -0.305698 	 0.00330391
478 	 -0.305635 	 0.00329759
479 	 -0.305759 	 0.00329304
480 	 -0.305857 	 0.00328763
481 	 -0.305808 	 0.00328115
482 	 -0.305669 	 0.00327727
483 	 -0.305618 	 0.00327089
484 	 -0.305428 	 0.00326964
485 	 -0.305599 	 0.00326737
486 	 -0.305663 	 0.00326128
487 	 -0.305699 	 0.00325477
488 	 -0.305602 	 0.00324955
489 	 -0.305699 	 0.00324436
490 	 -0.305599 	 0.00323929
491 	 -0.305674 	 0.00323356
492 	 -0.30528 	 0.00325097
493 	 -0.305158 	 0.00324664
494 	 -0.305004 	 0.00324371
495 	 -0.305117 	 0.00323911
496 	 -0.305211 	 0.00323395
497 	 -0.305463 	 0.00323722
498 	 -0.305437 	 0.00323082
499 	 -0.305637 	 0.00323056
500 	 -0.305654 	 0.00322414
501 	 -0.305625 	 0.00321782
502 	 -0.305763 	 0.00321438
503 	 -0.305691 	 0.00320881
504 	 -0.305653 	 0.00320265
505 	 -0.305607 	 0.00319664
506 	 -0.305562 	 0.00319064
507 	 -0.305462 	 0.00318589
508 	 -0.305417 	 0.00317994
509 	 -0.305512 	 0.00317511
510 	 -0.305547 	 0.00316907
511 	 -0.305692 	 0.00316622
512 	 -0.305736 	 0.00316034
513 	 -0.3059 	 0.00315838
514 	 -0.306049 	 0.00315578
515 	 -0.305953 	 0.0031511
516 	 -0.306071 	 0.00314717
517 	 -0.306121 	 0.00314148
518 	 -0.306334 	 0.00314266
519 	 -0.306253 	 0.00313766
520 	 -0.306406 	 0.0031354
521 	 -0.306512 	 0.00313116
522 	 -0.306433 	 0.00312615
523 	 -0.306412 	 0.00312024
524 	 -0.306368 	 0.0031146
525 	 -0.306321 	 0.00310901
526 	 -0.306346 	 0.0031032
527 	 -0.306232 	 0.00309942
528 	 -0.306306 	 0.00309444
529 	 -0.306446 	 0.00309175
530 	 -0.306453 	 0.00308592
531 	 -0.30655 	 0.00308162
532 	 -0.306465 	 0.00307699
533 	 -0.306529 	 0.00307186
534 	 -0.306499 	 0.00306625
535 	 -0.306236 	 0.00307181
536 	 -0.306251 	 0.00306611
537 	 -0.306183 	 0.00306114
538 	 -0.306177 	 0.00305545
539 	 -0.306258 	 0.00305085
540 	 -0.306242 	 0.00304524
541 	 -0.30609 	 0.00304339
542 	 -0.305947 	 0.00304113
543 	 -0.305953 	 0.00303553
544 	 -0.30596 	 0.00302996
545 	 -0.305947 	 0.00302442
546 	 -0.305831 	 0.0030211
547 	 -0.305838 	 0.00301558
548 	 -0.30603 	 0.00301621
549 	 -0.305967 	 0.00301137
550 	 -0.305894 	 0.00300677
551 	 -0.305796 	 0.00300292
552 	 -0.30572 	 0.00299842
553 	 -0.305767 	 0.00299336
554 	 -0.305937 	 0.00299278
555 	 -0.305767 	 0.00299222
556 	 -0.30583 	 0.00298751
557 	 -0.305658 	 0.0029871
558 	 -0.305661 	 0.00298174
559 	 -0.305291 	 0.00299934
560 	 -0.305349 	 0.00299454
561 	 -0.305432 	 0.00299036
562 	 -0.305535 	 0.00298679
563 	 -0.305487 	 0.00298187
564 	 -0.305529 	 0.00297687
565 	 -0.305533 	 0.0029716
566 	 -0.305431 	 0.00296807
567 	 -0.305543 	 0.00296494
568 	 -0.305442 	 0.00296144
569 	 -0.305445 	 0.00295624
570 	 -0.305357 	 0.00295236
571 	 -0.305398 	 0.00294746
572 	 -0.305454 	 0.00294283
573 	 -0.305548 	 0.00293922
574 	 -0.305541 	 0.0029341
575 	 -0.305476 	 0.00292973
576 	 -0.305554 	 0.0029257
577 	 -0.305566 	 0.00292065
578 	 -0.30558 	 0.00291562
579 	 -0.305497 	 0.00291176
580 	 -0.305515 	 0.0029068
581 	 -0.305597 	 0.00290294
582 	 -0.305531 	 0.0028987
583 	 -0.305464 	 0.00289451
584 	 -0.305412 	 0.00289002
585 	 -0.305264 	 0.00288887
586 	 -0.305439 	 0.00288924
587 	 -0.305476 	 0.00288456
588 	 -0.305522 	 0.00288002
589 	 -0.305545 	 0.00287521
590 	 -0.305647 	 0.00287216
591 	 -0.305686 	 0.00286757
592 	 -0.305805 	 0.00286516
593 	 -0.305871 	 0.0028611
594 	 -0.305794 	 0.00285732
595 	 -0.305619 	 0.00285789
596 	 -0.305766 	 0.00285689
597 	 -0.305535 	 0.00286144
598 	 -0.305507 	 0.00285679
599 	 -0.305483 	 0.00285211
600 	 -0.305539 	 0.0028479
601 	 -0.305578 	 0.00284343
602 	 -0.305632 	 0.0028392
603 	 -0.305709 	 0.00283553
604 	 -0.30584 	 0.00283388
605 	 -0.305985 	 0.00283292
606 	 -0.306189 	 0.00283561
607 	 -0.306168 	 0.00283101
608 	 -0.306207 	 0.00282663
609 	 -0.306206 	 0.00282199
610 	 -0.306255 	 0.00281779
611 	 -0.306222 	 0.00281337
612 	 -0.306346 	 0.0028115
613 	 -0.306441 	 0.00280852
614 	 -0.306527 	 0.00280526
615 	 -0.306591 	 0.00280142
616 	 -0.306523 	 0.00279771
617 	 -0.306505 	 0.00279323
618 	 -0.306609 	 0.00279064
619 	 -0.306618 	 0.00278614
620 	 -0.306657 	 0.00278191
621 	 -0.306553 	 0.00277936
622 	 -0.306575 	 0.00277497
623 	 -0.306481 	 0.00277209
624 	 -0.306613 	 0.00277081
625 	 -0.306571 	 0.0027667
626 	 -0.306686 	 0.00276467
627 	 -0.306665 	 0.00276033
628 	 -0.306614 	 0.0027564
629 	 -0.306568 	 0.00275241
630 	 -0.306512 	 0.00274861
631 	 -0.306307 	 0.00275191
632 	 -0.30622 	 0.00274891
633 	 -0.30601 	 0.00275257
634 	 -0.30608 	 0.0027491
635 	 -0.306181 	 0.00274664
636 	 -0.306145 	 0.00274255
637 	 -0.305999 	 0.00274215
638 	 -0.306101 	 0.00273977
639 	 -0.306246 	 0.00273927
640 	 -0.306266 	 0.00273506
641 	 -0.306358 	 0.00273233
642 	 -0.306371 	 0.00272811
643 	 -0.306313 	 0.00272449
644 	 -0.306264 	 0.00272069
645 	 -0.306275 	 0.00271649
646 	 -0.306284 	 0.0027123
647 	 -0.30641 	 0.00271102
648 	 -0.306635 	 0.00271619
649 	 -0.306664 	 0.00271216
650 	 -0.306573 	 0.0027095
651 	 -0.306628 	 0.00270588
652 	 -0.306595 	 0.00270191
653 	 -0.306726 	 0.00270094
654 	 -0.306808 	 0.00269804
655 	 -0.306855 	 0.00269434
656 	 -0.306949 	 0.00269186
657 	 -0.306786 	 0.00269271
658 	 -0.306747 	 0.0026889
659 	 -0.306577 	 0.00269019
660 	 -0.306772 	 0.00269322
661 	 -0.306797 	 0.00268925
662 	 -0.306867 	 0.00268609
663 	 -0.306774 	 0.00268363
664 	 -0.306803 	 0.00267975
665 	 -0.306804 	 0.00267571
666 	 -0.30684 	 0.00267193
667 	 -0.306853 	 0.00266795
668 	 -0.306789 	 0.00266472
669 	 -0.306712 	 0.00266184
670 	 -0.306777 	 0.00265865
671 	 -0.306761 	 0.00265474
672 	 -0.306785 	 0.00265089
673 	 -0.306818 	 0.00264716
674 	 -0.306908 	 0.00264475
675 	 -0.306929 	 0.00264091
676 	 -0.307005 	 0.0026381
677 	 -0.307087 	 0.00263548
678 	 -0.307031 	 0.00263218
679 	 -0.307117 	 0.0026297
680 	 -0.307134 	 0.00262589
681 	 -0.307187 	 0.00262256
682 	 -0.307172 	 0.00261875
683 	 -0.307267 	 0.00261664
684 	 -0.307345 	 0.00261397
685 	 -0.307374 	 0.00261032
686 	 -0.307286 	 0.00260801
687 	 -0.307372 	 0.00260563
688 	 -0.307355 	 0.00260189
689 	 -0.307323 	 0.00259831
690 	 -0.307318 	 0.00259454
691 	 -0.307326 	 0.0025908
692 	 -0.307426 	 0.00258896
693 	 -0.307281 	 0.00258925
694 	 -0.307264 	 0.00258557
695 	 -0.307275 	 0.00258187
696 	 -0.307408 	 0.00258159
697 	 -0.307384 	 0.00257799
698 	 -0.307477 	 0.00257597
699 	 -0.307248 	 0.00258249
700 	 -0.307235 	 0.00257883
701 	 -0.307224 	 0.00257517
702 	 -0.307152 	 0.00257252
703 	 -0.30708 	 0.00256984
704 	 -0.307052 	 0.00256635
705 	 -0.307176 	 0.00256568
706 	 -0.307244 	 0.00256296
707 	 -0.307331 	 0.00256082
708 	 -0.307307 	 0.00255732
709 	 -0.307354 	 0.00255413
710 	 -0.307287 	 0.0025514
711 	 -0.307365 	 0.00254902
712 	 -0.307269 	 0.00254725
713 	 -0.307191 	 0.00254486
714 	 -0.307327 	 0.0025449
715 	 -0.307342 	 0.00254138
716 	 -0.307314 	 0.00253797
717 	 -0.307497 	 0.00254098
718 	 -0.307477 	 0.00253751
719 	 -0.307456 	 0.00253407
720 	 -0.307339 	 0.00253326
721 	 -0.307356 	 0.0025298
722 	 -0.307397 	 0.00252662
723 	 -0.307593 	 0.00253079
724 	 -0.307607 	 0.00252733
725 	 -0.307656 	 0.00252432
726 	 -0.307676 	 0.00252092
727 	 -0.30773 	 0.00251802
728 	 -0.307778 	 0.00251502
729 	 -0.307762 	 0.00251162
730 	 -0.307813 	 0.0025087
731 	 -0.307821 	 0.00250528
732 	 -0.307847 	 0.00250198
733 	 -0.307825 	 0.00249866
734 	 -0.307821 	 0.00249526
735 	 -0.307875 	 0.00249246
736 	 -0.307709 	 0.0024946
737 	 -0.307835 	 0.00249437
738 	 -0.307994 	 0.0024961
739 	 -0.30796 	 0.00249295
740 	 -0.308016 	 0.0024902
741 	 -0.307955 	 0.00248758
742 	 -0.307987 	 0.00248443
743 	 -0.308045 	 0.00248177
744 	 -0.308138 	 0.00248016
745 	 -0.308177 	 0.00247713
746 	 -0.308114 	 0.0024746
747 	 -0.308168 	 0.00247189
748 	 -0.308163 	 0.00246859
749 	 -0.308143 	 0.00246537
750 	 -0.308186 	 0.00246245
751 	 -0.308291 	 0.0024614
752 	 -0.308354 	 0.00245894
753 	 -0.308394 	 0.002456
754 	 -0.308275 	 0.00245564
755 	 -0.308245 	 0.00245256
756 	 -0.308347 	 0.00245143
757 	 -0.30837 	 0.0024483
758 	 -0.308419 	 0.00244556
759 	 -0.308448 	 0.00244251
760 	 -0.308369 	 0.00244055
761 	 -0.308288 	 0.0024387
762 	 -0.308302 	 0.00243553
763 	 -0.308465 	 0.0024378
764 	 -0.308348 	 0.00243744
765 	 -0.308255 	 0.00243603
766 	 -0.308023 	 0.0024438
767 	 -0.308002 	 0.00244071
768 	 -0.308008 	 0.00243754
769 	 -0.307891 	 0.00243717
770 	 -0.307839 	 0.00243457
771 	 -0.307753 	 0.00243293
772 	 -0.307816 	 0.0024306
773 	 -0.307746 	 0.00242846
774 	 -0.307786 	 0.00242565
775 	 -0.307806 	 0.00242259
776 	 -0.307887 	 0.00242083
777 	 -0.307979 	 0.00241947
778 	 -0.307959 	 0.00241644
779 	 -0.307992 	 0.00241356
780 	 -0.308055 	 0.0024113
781 	 -0.308198 	 0.00241246
782 	 -0.308238 	 0.0024097
783 	 -0.308302 	 0.00240746
784 	 -0.308263 	 0.00240471
785 	 -0.308236 	 0.00240179
786 	 -0.308334 	 0.00240077
787 	 -0.308422 	 0.0023993
788 	 -0.308396 	 0.0023964
789 	 -0.308422 	 0.0023935
790 	 -0.308489 	 0.00239142
791 	 -0.308494 	 0.0023884
792 	 -0.308451 	 0.00238577
793 	 -0.308501 	 0.00238329
794 	 -0.308632 	 0.0023839
795 	 -0.308669 	 0.00238117
796 	 -0.308705 	 0.00237846
797 	 -0.308729 	 0.00237559
798 	 -0.308633 	 0.00237456
799 	 -0.308618 	 0.00237164
800 	 -0.308667 	 0.00236917
801 	 -0.308669 	 0.00236621
802 	 -0.308726 	 0.00236393
803 	 -0.308732 	 0.00236099
804 	 -0.308723 	 0.00235807
805 	 -0.308614 	 0.00235765
806 	 -0.308418 	 0.00236287
807 	 -0.308579 	 0.0023654
808 	 -0.308468 	 0.00236505
809 	 -0.308491 	 0.00236223
810 	 -0.308541 	 0.00235983
811 	 -0.308668 	 0.00236035
812 	 -0.308765 	 0.00235945
813 	 -0.308869 	 0.00235885
814 	 -0.308741 	 0.00235945
815 	 -0.308777 	 0.00235682
816 	 -0.308605 	 0.00236021
817 	 -0.308716 	 0.00235993
818 	 -0.308831 	 0.00235987
819 	 -0.308864 	 0.00235721
820 	 -0.308887 	 0.00235445
821 	 -0.308944 	 0.00235226
822 	 -0.309062 	 0.00235235
823 	 -0.309129 	 0.00235046
824 	 -0.309087 	 0.00234798
825 	 -0.309063 	 0.00234525
826 	 -0.30914 	 0.00234366
827 	 -0.309113 	 0.00234098
828 	 -0.309179 	 0.00233908
829 	 -0.309307 	 0.00233976
830 	 -0.30924 	 0.0023379
831 	 -0.309332 	 0.00233691
832 	 -0.309348 	 0.00233416
833 	 -0.309364 	 0.00233141
834 	 -0.30938 	 0.00232866
835 	 -0.309436 	 0.00232656
836 	 -0.309454 	 0.00232384
837 	 -0.309396 	 0.00232179
838 	 -0.309444 	 0.00231951
839 	 -0.3095 	 0.0023174
840 	 -0.309445 	 0.00231529
841 	 -0.309356 	 0.00231425
842 	 -0.309406 	 0.00231204
843 	 -0.309343 	 0.00231015
844 	 -0.309333 	 0.00230743
845 	 -0.309334 	 0.0023047
846 	 -0.309354 	 0.00230205
847 	 -0.309363 	 0.00229935
848 	 -0.30944 	 0.00229792
849 	 -0.309533 	 0.00229712
850 	 -0.309532 	 0.00229441
851 	 -0.309486 	 0.00229217
852 	 -0.309457 	 0.00228965
853 	 -0.309518 	 0.00228778
854 	 -0.30952 	 0.0022851
855 	 -0.30953 	 0.00228245
856 	 -0.309669 	 0.00228398
857 	 -0.309702 	 0.00228155
858 	 -0.309714 	 0.00227892
859 	 -0.30972 	 0.00227628
860 	 -0.309728 	 0.00227364
861 	 -0.309709 	 0.00227108
862 	 -0.309791 	 0.00226991
863 	 -0.309786 	 0.00226728
864 	 -0.309602 	 0.00227209
865 	 -0.30967 	 0.00227045
866 	 -0.309568 	 0.00227009
867 	 -0.309472 	 0.00226952
868 	 -0.309509 	 0.00226721
869 	 -0.309317 	 0.00227274
870 	 -0.309358 	 0.0022705
871 	 -0.309388 	 0.00226809
872 	 -0.309486 	 0.00226762
873 	 -0.309642 	 0.00227039
874 	 -0.309539 	 0.00227013
875 	 -0.309484 	 0.00226822
876 	 -0.309445 	 0.00226595
877 	 -0.309453 	 0.00226338
878 	 -0.309499 	 0.00226128
879 	 -0.309566 	 0.00225968
880 	 -0.309725 	 0.0022627
881 	 -0.309702 	 0.00226025
882 	 -0.30973 	 0.00225785
883 	 -0.309515 	 0.00226544
884 	 -0.309336 	 0.00226999
885 	 -0.309411 	 0.00226866
886 	 -0.309353 	 0.00226684
887 	 -0.309278 	 0.00226552
888 	 -0.309302 	 0.00226309
889 	 -0.309246 	 0.00226122
890 	 -0.309248 	 0.00225868
891 	 -0.309153 	 0.00225814
892 	 -0.309186 	 0.00225586
893 	 -0.309129 	 0.00225405
894 	 -0.30915 	 0.00225162
895 	 -0.309213 	 0.00224998
896 	 -0.309254 	 0.00224786
897 	 -0.309376 	 0.00224862
898 	 -0.309437 	 0.00224695
899 	 -0.309342 	 0.00224645
900 	 -0.309415 	 0.00224512
901 	 -0.309352 	 0.0022435
902 	 -0.309422 	 0.00224209
903 	 -0.30939 	 0.00223984
904 	 -0.309484 	 0.00223935
905 	 -0.309375 	 0.00223953
906 	 -0.309438 	 0.00223796
907 	 -0.309359 	 0.00223687
908 	 -0.309391 	 0.00223462
909 	 -0.309305 	 0.00223381
910 	 -0.309331 	 0.0022315
911 	 -0.309334 	 0.00222905
912 	 -0.309304 	 0.00222681
913 	 -0.309315 	 0.0022244
914 	 -0.309274 	 0.00222234
915 	 -0.30936 	 0.00222158
916 	 -0.309447 	 0.00222087
917 	 -0.309465 	 0.00221852
918 	 -0.309555 	 0.00221791
919 	 -0.309558 	 0.0022155
920 	 -0.309543 	 0.00221314
921 	 -0.309563 	 0.00221083
922 	 -0.309514 	 0.00220897
923 	 -0.309525 	 0.0022066
924 	 -0.309423 	 0.00220657
925 	 -0.30931 	 0.00220708
926 	 -0.309354 	 0.00220513
927 	 -0.309431 	 0.00220411
928 	 -0.309526 	 0.00220375
929 	 -0.30956 	 0.00220165
930 	 -0.309555 	 0.00219929
931 	 -0.30957 	 0.00219698
932 	 -0.309573 	 0.00219462
933 	 -0.309488 	 0.00219389
934 	 -0.309425 	 0.00219245
935 	 -0.309278 	 0.00219503
936 	 -0.309419 	 0.00219723
937 	 -0.309404 	 0.00219493
938 	 -0.309403 	 0.00219259
939 	 -0.30938 	 0.00219037
940 	 -0.309423 	 0.00218846
941 	 -0.309461 	 0.00218646
942 	 -0.309495 	 0.0021844
943 	 -0.30951 	 0.00218214
944 	 -0.309457 	 0.00218045
945 	 -0.309501 	 0.00217859
946 	 -0.30948 	 0.0021764
947 	 -0.309521 	 0.00217449
948 	 -0.309359 	 0.00217819
949 	 -0.309456 	 0.00217805
950 	 -0.309428 	 0.00217594
951 	 -0.309457 	 0.00217385
952 	 -0.309495 	 0.0021719
953 	 -0.309506 	 0.00216965
954 	 -0.309542 	 0.00216767
955 	 -0.309527 	 0.00216544
956 	 -0.309288 	 0.00217636
957 	 -0.309268 	 0.00217417
958 	 -0.309262 	 0.00217191
959 	 -0.309331 	 0.00217073
960 	 -0.309324 	 0.00216848
961 	 -0.309322 	 0.00216622
962 	 -0.309458 	 0.00216825
963 	 -0.309458 	 0.00216599
964 	 -0.309474 	 0.0021638
965 	 -0.309336 	 0.00216592
966 	 -0.309404 	 0.00216474
967 	 -0.309463 	 0.0021633
968 	 -0.309427 	 0.00216136
969 	 -0.30941 	 0.0021592
970 	 -0.3095 	 0.00215887
971 	 -0.309508 	 0.00215666
972 	 -0.3093 	 0.0021645
973 	 -0.309226 	 0.00216352
974 	 -0.309181 	 0.00216178
975 	 -0.309266 	 0.00216122
976 	 -0.309358 	 0.00216096
977 	 -0.309261 	 0.00216092
978 	 -0.30937 	 0.0021615
979 	 -0.30927 	 0.00216162
980 	 -0.309318 	 0.00215993
981 	 -0.309394 	 0.00215909
982 	 -0.309491 	 0.00215904
983 	 -0.309467 	 0.00215697
984 	 -0.309458 	 0.0021548
985 	 -0.309522 	 0.00215357
986 	 -0.309539 	 0.00215145
987 	 -0.309587 	 0.00214981
988 	 -0.309574 	 0.00214767
989 	 -0.309468 	 0.00214814
990 	 -0.309507 	 0.00214633
991 	 -0.309532 	 0.0021443
992 	 -0.309475 	 0.00214288
993 	 -0.309328 	 0.0021458
994 	 -0.309222 	 0.00214625
995 	 -0.309025 	 0.00215314
996 	 -0.308907 	 0.00215418
997 	 -0.308934 	 0.00215218
998 	 -0.308874 	 0.00215087
999 	 -0.308903 	 0.00214891
1000 	 -0.308937 	 0.00214703
