20
17.5095
17.5095
17.3584
17.3584
17.3584
16.5103
16.5103
14.3213
12.8642
9.67839
6.80503
5.04387
4.99916
4.86147
3.26357
3.07743
3.07743
0.331522
0.331522
0.343783
0.343783
1.34668
1.34668
-1.15498
-0.645005
-0.645005
-0.645005
-0.645005
-0.645005
1.42268
-0.994215
0.414375
0.414375
-1.08547
-0.833674
-0.955579
-0.955579
-0.955579
-0.955579
1.69935
-0.0193185
-0.0193185
-0.0193185
1.13523
0.474648
0.474648
0.0581038
0.0581038
0.0581038
0.0581038
0.0581038
0.0581038
0.0581038
1.91881
1.91881
1.91881
0.337667
0.653151
0.653151
0.653151
-0.392053
-0.392053
-0.392053
-0.392053
-0.392053
-0.392053
1.54213
0.527931
0.142103
0.142103
0.142103
0.142103
0.142103
0.142103
0.142103
0.142103
0.142103
0.142103
0.142103
-0.212907
0.436582
0.436582
0.408924
-0.521675
-0.521675
-0.521675
0.787148
0.787148
0.787148
-0.556851
0.263467
0.263467
-0.343513
-0.343513
-0.343513
-0.343513
-0.343513
-0.343513
0.436233
