           1    -1.00107    -1.00107           0
           2   -0.998862   -0.999965  0.00110328
           3     -1.0025    -1.00081  0.00105841
           4    -1.00323    -1.00142 0.000962264
           5    -1.00669    -1.00247  0.00129144
           6    -1.00796    -1.00339   0.0013961
           7    -1.00186    -1.00317  0.00119995
           8    -1.01036    -1.00407  0.00137421
           9     -0.9986    -1.00346  0.00135562
          10   -0.998909      -1.003  0.00129505
          11    -1.00472    -1.00316  0.00118178
          12   -0.998833     -1.0028  0.00113746
          13    -1.00809    -1.00321   0.0011227
          14    -1.00562    -1.00338  0.00105364
          15   -0.999174     -1.0031  0.00102015
          16   -0.996108    -1.00266  0.00104954
          17    -1.00781    -1.00296   0.0010314
          18    -1.00209    -1.00292 0.000973624
          19    -1.00349    -1.00295 0.000921455
          20     -1.0039    -1.00299 0.000875457
           1   -0.967451   -0.967451           0
           2   -0.965349     -0.9664  0.00105104
           3   -0.973048   -0.968616  0.00229748
           4   -0.965667   -0.967879  0.00178403
           5   -0.979657   -0.970234  0.00273106
           6   -0.961464   -0.968772  0.00266631
           7   -0.968074   -0.968673  0.00225565
           8   -0.963791   -0.968063  0.00204653
           9   -0.961645    -0.96735   0.0019406
          10   -0.960576   -0.966672  0.00186322
          11    -0.96717   -0.966717  0.00168595
          12   -0.961723   -0.966301  0.00159434
          13   -0.974264   -0.966914  0.00158934
          14   -0.970558   -0.967174   0.0014943
          15   -0.957676   -0.966541  0.00152846
          16   -0.960508   -0.966164  0.00147862
          17    -0.96845   -0.966298  0.00139541
          18   -0.956983   -0.965781  0.00141373
          19    -0.96285   -0.965626  0.00134612
          20   -0.965515   -0.965621  0.00127705
           1   -0.909704   -0.909704           0
           2   -0.918403   -0.914054  0.00434952
           3   -0.916203    -0.91477  0.00261142
           4   -0.915117   -0.914857  0.00184859
           5   -0.920609   -0.916007  0.00183685
           6    -0.90975   -0.914964  0.00182676
           7   -0.912597   -0.914626   0.0015805
           8   -0.916121   -0.914813  0.00138146
           9   -0.904667   -0.913686  0.00165986
          10   -0.911063   -0.913423  0.00150762
          11   -0.917016    -0.91375  0.00140226
          12   -0.917719   -0.914081  0.00132211
          13      -0.908   -0.913613  0.00130301
          14   -0.906617   -0.913113  0.00130575
          15   -0.904825   -0.912561  0.00133527
          16   -0.910714   -0.912445  0.00125436
          17   -0.910452   -0.912328  0.00118408
          18   -0.916129   -0.912539  0.00113616
          19   -0.909032   -0.912355  0.00109043
          20   -0.912527   -0.912363  0.00103451
           1   -0.858598   -0.858598           0
           2   -0.860803     -0.8597   0.0011026
           3   -0.863155   -0.860852  0.00131571
           4   -0.859382   -0.860484   0.0010003
           5   -0.868677   -0.862123  0.00181247
           6   -0.860678   -0.861882  0.00149935
           7   -0.861436   -0.861818  0.00126878
           8   -0.862087   -0.861852  0.00109931
           9   -0.860385   -0.861689 0.000983111
          10   -0.857142   -0.861234 0.000989895
          11   -0.869366   -0.861973  0.00116112
          12   -0.861589   -0.861941  0.00106044
          13   -0.858119   -0.861647   0.0010188
          14   -0.855109    -0.86118  0.00105253
          15   -0.865185   -0.861447  0.00101557
          16   -0.856632   -0.861146 0.000996505
          17   -0.857031   -0.860904 0.000966854
          18   -0.861879   -0.860958 0.000913166
          19   -0.857968   -0.860801 0.000877987
          20   -0.863962   -0.860959 0.000847795
           1   -0.811541   -0.811541           0
           2   -0.817979    -0.81476  0.00321904
           3   -0.816356   -0.815292  0.00193312
           4   -0.811336   -0.814303  0.00168716
           5   -0.814234   -0.814289  0.00130694
           6   -0.810495   -0.813657   0.0012404
           7   -0.812524   -0.813495  0.00106074
           8   -0.810515   -0.813123 0.000991282
           9   -0.815513   -0.813388   0.0009137
          10   -0.808786   -0.812928 0.000937924
          11   -0.820993   -0.813661  0.00112131
          12   -0.805622   -0.812991  0.00122337
          13   -0.809512   -0.812724  0.00115672
          14   -0.809984   -0.812528  0.00108865
          15   -0.815941   -0.812755  0.00103871
          16   -0.808474   -0.812488  0.00100779
          17    -0.80675    -0.81215  0.00100502
          18    -0.81564   -0.812344 0.000967176
          19   -0.811025   -0.812275 0.000917487
          20   -0.814883   -0.812405 0.000880117
           1   -0.767359   -0.767359           0
           2    -0.77136    -0.76936  0.00200068
           3   -0.767295   -0.768672  0.00134461
           4   -0.764779   -0.767699  0.00136042
           5   -0.769107    -0.76798   0.0010908
           6   -0.766271   -0.767695 0.000935077
           7   -0.764964   -0.767305 0.000881357
           8   -0.766913   -0.767256 0.000764852
           9   -0.770135   -0.767576 0.000746517
          10   -0.765161   -0.767335 0.000710039
          11    -0.77074   -0.767644 0.000712996
          12    -0.76395   -0.767336 0.000719989
          13   -0.768071   -0.767393 0.000664703
          14   -0.767312   -0.767387 0.000615423
          15   -0.768106   -0.767435  0.00057493
          16     -0.7671   -0.767414 0.000538206
          17   -0.762454   -0.767122 0.000583695
          18   -0.767632   -0.767151 0.000551042
          19   -0.766794   -0.767132 0.000521571
          20   -0.764835   -0.767017 0.000507954
           1   -0.729274   -0.729274           0
           2   -0.727504   -0.728389  0.00088524
           3   -0.726627   -0.727801 0.000778604
           4   -0.724844   -0.727062 0.000921897
           5   -0.725883   -0.726826 0.000752026
           6   -0.728617   -0.727125 0.000682714
           7   -0.724825   -0.726796 0.000663983
           8   -0.726103   -0.726709 0.000581512
           9   -0.728302   -0.726886 0.000542504
          10   -0.721117   -0.726309 0.000753878
          11   -0.727424   -0.726411  0.00068939
          12   -0.721965    -0.72604 0.000730254
          13   -0.725681   -0.726013 0.000672305
          14   -0.726328   -0.726035  0.00062284
          15   -0.726579   -0.726071 0.000580964
          16   -0.724982   -0.726003 0.000547692
          17   -0.721809   -0.725756 0.000570578
          18   -0.724242   -0.725672 0.000544485
          19   -0.723556   -0.725561  0.00052694
          20   -0.722691   -0.725417 0.000520085
           1   -0.688288   -0.688288           0
           2   -0.686868   -0.687578  0.00071012
           3   -0.684845   -0.686667 0.000998981
           4   -0.686693   -0.686674 0.000706415
           5   -0.684166   -0.686172 0.000742215
           6   -0.686452   -0.686219 0.000607805
           7   -0.687728   -0.686434 0.000557078
           8   -0.688029   -0.686634    0.000522
           9   -0.687688   -0.686751 0.000475041
          10    -0.68446   -0.686522 0.000482719
          11   -0.686204   -0.686493 0.000437592
          12    -0.68349   -0.686243 0.000471353
          13   -0.688625   -0.686426 0.000470723
          14   -0.686148   -0.686406 0.000436258
          15    -0.68415   -0.686256  0.00043309
          16    -0.68887   -0.686419 0.000436832
          17   -0.685487   -0.686364 0.000413981
          18   -0.685343   -0.686308  0.00039441
          19     -0.6839   -0.686181 0.000394012
          20    -0.68442   -0.686093 0.000384026
           1   -0.652108   -0.652108           0
           2   -0.648717   -0.650412  0.00169552
           3   -0.647539   -0.649454  0.00136957
           4   -0.648785   -0.649287 0.000982773
           5   -0.648739   -0.649177  0.00076912
           6   -0.651116   -0.649501 0.000706228
           7   -0.649252   -0.649465 0.000597923
           8   -0.650716   -0.649622 0.000540926
           9   -0.653156   -0.650014 0.000617904
          10   -0.648617   -0.649875 0.000570054
          11    -0.65025   -0.649909 0.000516764
          12   -0.645392   -0.649532 0.000603477
          13   -0.650656   -0.649619  0.00056181
          14     -0.6507   -0.649696 0.000525842
          15   -0.650537   -0.649752 0.000492734
          16   -0.651953    -0.64989    0.000481
          17   -0.648061   -0.649782 0.000464445
          18   -0.646076   -0.649576 0.000483883
          19   -0.648184   -0.649503 0.000463534
          20   -0.646393   -0.649347 0.000466435
           1   -0.618813   -0.618813           0
           2   -0.612886   -0.615849  0.00296364
           3   -0.613299   -0.614999  0.00191067
           4   -0.614709   -0.614927  0.00135299
           5   -0.614654   -0.614872  0.00104944
           6    -0.61507   -0.614905 0.000857498
           7   -0.613206   -0.614662 0.000764282
           8   -0.615439    -0.61476 0.000668971
           9    -0.61932   -0.615266 0.000777729
          10   -0.614808   -0.615221 0.000697127
          11   -0.615394   -0.615236 0.000630771
          12   -0.614526   -0.615177  0.00057885
          13   -0.617086   -0.615324 0.000552349
          14   -0.615271    -0.61532  0.00051139
          15    -0.61599   -0.615365  0.00047817
          16    -0.61801    -0.61553 0.000476861
          17   -0.613051   -0.615384 0.000471079
          18   -0.614367   -0.615328 0.000447715
          19   -0.614106   -0.615263 0.000428348
          20   -0.613432   -0.615172 0.000416553
           1   -0.586852   -0.586852           0
           2    -0.58333   -0.585091    0.001761
           3   -0.583201   -0.584461  0.00119599
           4   -0.581929   -0.583828  0.00105631
           5   -0.584078   -0.583878  0.00081974
           6   -0.586689   -0.584346  0.00081697
           7   -0.583774   -0.584265 0.000695295
           8    -0.58367    -0.58419 0.000606714
           9   -0.587445   -0.584552 0.000645808
          10   -0.584241   -0.584521 0.000578466
          11   -0.583954   -0.584469 0.000525776
          12   -0.583931   -0.584424 0.000482054
          13   -0.586589   -0.584591 0.000473657
          14   -0.585056   -0.584624 0.000439777
          15   -0.585654   -0.584693 0.000415132
          16   -0.585449    -0.58474 0.000391185
          17   -0.582222   -0.584592 0.000396176
          18   -0.584519   -0.584588  0.00037354
          19   -0.584144   -0.584565 0.000354105
          20   -0.582252   -0.584449 0.000355274
           1   -0.557162   -0.557162           0
           2   -0.553674   -0.555418   0.0017438
           3    -0.55516   -0.555332  0.00101047
           4   -0.552404     -0.5546  0.00102299
           5   -0.554763   -0.554633 0.000793074
           6   -0.556834   -0.554999 0.000744229
           7   -0.556482   -0.555211 0.000663715
           8   -0.555157   -0.555205 0.000574833
           9   -0.559788   -0.555714 0.000718555
          10   -0.559164   -0.556059 0.000729463
          11   -0.555385   -0.555998 0.000662663
          12   -0.553757   -0.555811 0.000633089
          13   -0.558296   -0.556002 0.000612932
          14   -0.556321   -0.556025 0.000567921
          15   -0.557362   -0.556114 0.000536174
          16   -0.556484   -0.556137 0.000502078
          17   -0.555046   -0.556073 0.000475968
          18   -0.556464   -0.556095 0.000449273
          19   -0.554622   -0.556017 0.000431975
          20   -0.553122   -0.555872 0.000434624
           1   -0.530413   -0.530413           0
           2   -0.528243   -0.529328  0.00108504
           3   -0.528251   -0.528969 0.000721977
           4   -0.527795   -0.528675 0.000588827
           5   -0.530623   -0.529065 0.000599776
           6    -0.53028   -0.529267 0.000529946
           7   -0.530412   -0.529431 0.000476817
           8   -0.527494   -0.529189 0.000478668
           9   -0.533222   -0.529637 0.000615649
          10   -0.532702   -0.529944 0.000630216
          11   -0.529252   -0.529881 0.000573508
          12   -0.528238   -0.529744 0.000541149
          13   -0.531618   -0.529888 0.000518247
          14   -0.529833   -0.529884 0.000479819
          15    -0.52978   -0.529877 0.000446741
          16   -0.530586   -0.529921 0.000420232
          17   -0.529276   -0.529883 0.000396562
          18   -0.528916    -0.52983 0.000377722
          19   -0.528466   -0.529758 0.000364433
          20   -0.526692   -0.529605 0.000378187
           1   -0.506841   -0.506841           0
           2   -0.503582   -0.505212  0.00162952
           3   -0.504274   -0.504899 0.000991416
           4   -0.502448   -0.504286  0.00093105
           5   -0.506639   -0.504757 0.000861046
           6    -0.50736   -0.505191 0.000826137
           7   -0.505773   -0.505274 0.000703142
           8   -0.504836   -0.505219 0.000611397
           9   -0.508475   -0.505581 0.000649329
          10   -0.507721   -0.505795 0.000618943
          11   -0.504406   -0.505669 0.000573921
          12   -0.504802   -0.505596  0.00052887
          13   -0.506651   -0.505677 0.000493206
          14   -0.505579    -0.50567 0.000456674
          15   -0.506094   -0.505699 0.000426077
          16   -0.505891   -0.505711  0.00039874
          17   -0.505058   -0.505672 0.000376516
          18   -0.505642   -0.505671 0.000354987
          19   -0.504757   -0.505623 0.000339206
          20   -0.502705   -0.505477 0.000353319
           1   -0.484036   -0.484036           0
           2   -0.481883   -0.482959  0.00107628
           3   -0.482568   -0.482829 0.000634923
           4   -0.481185   -0.482418 0.000608602
           5   -0.485123   -0.482959 0.000717567
           6   -0.485336   -0.483355 0.000707265
           7   -0.483964   -0.483442 0.000604033
           8   -0.483456   -0.483444 0.000523111
           9   -0.485352   -0.483656   0.0005077
          10   -0.485939   -0.483884 0.000508266
          11   -0.482329   -0.483743 0.000480994
          12   -0.483508   -0.483723 0.000439519
          13   -0.483508   -0.483707 0.000404639
          14   -0.483132   -0.483666 0.000376867
          15   -0.484007   -0.483688 0.000351583
          16   -0.484212   -0.483721 0.000330501
          17   -0.484157   -0.483747 0.000311507
          18   -0.483562   -0.483737 0.000293871
          19   -0.482918   -0.483693 0.000281289
          20   -0.480742   -0.483546 0.000304937
           1   -0.462395   -0.462395           0
           2    -0.46163   -0.462012   0.0003824
           3   -0.462125    -0.46205 0.000223935
           4   -0.460407   -0.461639 0.000440156
           5   -0.463612   -0.462034 0.000521487
           6   -0.465287   -0.462576 0.000689445
           7    -0.46317   -0.462661 0.000588827
           8   -0.463771     -0.4628 0.000528488
           9   -0.465229    -0.46307 0.000538621
          10   -0.465153   -0.463278 0.000524895
          11    -0.46238   -0.463196 0.000481747
          12   -0.463136   -0.463191 0.000439802
          13   -0.462751   -0.463158 0.000405971
          14   -0.463377   -0.463173 0.000376182
          15   -0.463336   -0.463184 0.000350375
          16   -0.463382   -0.463196  0.00032798
          17    -0.46399   -0.463243 0.000311598
          18   -0.463413   -0.463253 0.000293928
          19   -0.461906   -0.463182 0.000286921
          20    -0.46089   -0.463067 0.000295331
