           1   -0.964432   -0.964432           0
           2   -0.963864   -0.964148    0.000284
           3    -0.96528   -0.964525 0.000411419
           4     -0.9628   -0.964094  0.00052027
           5   -0.971496   -0.965574  0.00153427
           6   -0.964888    -0.96546  0.00125794
           7   -0.971728   -0.966355     0.00139
           8   -0.967984   -0.966559  0.00122086
           9   -0.963856   -0.966259   0.0011178
          10   -0.965904   -0.966223  0.00100042
          11   -0.965552   -0.966162 0.000906971
          12   -0.979136   -0.967243  0.00136176
          13    -0.97664   -0.967966  0.00144622
          14   -0.969424    -0.96807  0.00134299
          15   -0.973656   -0.968443  0.00130453
          16   -0.983016   -0.969354  0.00152273
          17   -0.981008   -0.970039  0.00158616
          18   -0.960784   -0.969525  0.00158137
          19   -0.983088   -0.970239  0.00165743
          20   -0.972712   -0.970362  0.00157723
           1   -0.929976   -0.929976           0
           2   -0.939712   -0.934844    0.004868
           3   -0.940424   -0.936704  0.00337027
           4   -0.924936   -0.933762  0.00378612
           5   -0.930032   -0.933016  0.00302611
           6   -0.932808   -0.932981  0.00247105
           7   -0.929928   -0.932545  0.00213349
           8   -0.931432   -0.932406  0.00185289
           9   -0.933408   -0.932517  0.00163788
          10   -0.918416   -0.931107  0.00203337
          11   -0.932752   -0.931257  0.00184532
          12     -0.9438   -0.932302  0.00198249
          13   -0.942552    -0.93309  0.00198678
          14   -0.932192   -0.933026  0.00184052
          15   -0.925744   -0.932541  0.00178088
          16    -0.92928   -0.932337  0.00167828
          17   -0.937976   -0.932669  0.00161099
          18    -0.93564   -0.932834   0.0015278
          19   -0.945768   -0.933515  0.00159746
          20   -0.935896   -0.933634  0.00152016
           1    -0.89588    -0.89588           0
           2    -0.88916    -0.89252     0.00336
           3   -0.896464   -0.893835  0.00234341
           4   -0.885864   -0.891842  0.00259162
           5   -0.892976   -0.892069  0.00202023
           6    -0.89464   -0.892497  0.00170427
           7   -0.887528   -0.891787  0.00160581
           8   -0.893288   -0.891975  0.00140327
           9   -0.888056    -0.89154  0.00131194
          10   -0.886288   -0.891014  0.00128559
          11   -0.890824   -0.890997  0.00116298
          12    -0.90088   -0.891821  0.00134365
          13   -0.885672   -0.891348  0.00132338
          14    -0.88636   -0.890991  0.00127596
          15   -0.887224    -0.89074  0.00121412
          16   -0.882136   -0.890203  0.00125659
          17    -0.89168   -0.890289  0.00118355
          18   -0.901712   -0.890924  0.00128369
          19   -0.891296   -0.890944  0.00121441
          20    -0.89788    -0.89129  0.00120316
           1   -0.844888   -0.844888           0
           2   -0.845584   -0.845236    0.000348
           3   -0.846728   -0.845733 0.000536385
           4   -0.844224   -0.845356 0.000535009
           5   -0.848224    -0.84593 0.000707642
           6   -0.847872   -0.846253   0.0006623
           7   -0.844968    -0.84607 0.000589094
           8   -0.850944   -0.846679 0.000794671
           9   -0.847952    -0.84682 0.000714965
          10   -0.847192   -0.846858 0.000640563
          11    -0.85404   -0.847511 0.000872957
          12   -0.854928   -0.848129  0.00100852
          13    -0.84508   -0.847894 0.000956889
          14   -0.849072   -0.847978 0.000889893
          15   -0.846016   -0.847847  0.00083871
          16   -0.840504   -0.847388 0.000908931
          17   -0.847768   -0.847411 0.000854084
          18   -0.850008   -0.847555 0.000818063
          19   -0.848016   -0.847579  0.00077419
          20   -0.849312   -0.847666 0.000739553
           1    -0.79988    -0.79988           0
           2    -0.80972     -0.8048     0.00492
           3     -0.8002   -0.803267  0.00322799
           4   -0.802248   -0.803012   0.0022967
           5   -0.805504    -0.80351  0.00184751
           6   -0.802152   -0.803284  0.00152538
           7     -0.8044   -0.803443    0.001299
           8   -0.804816   -0.803615  0.00113798
           9    -0.80708      -0.804  0.00107491
          10   -0.807296    -0.80433  0.00101636
          11   -0.808968   -0.804751  0.00101142
          12   -0.803064   -0.804611 0.000933945
          13    -0.80048   -0.804293 0.000915981
          14   -0.806776    -0.80447 0.000866383
          15   -0.803584   -0.804411  0.00080872
          16   -0.799136   -0.804082 0.000825213
          17    -0.80164   -0.803938 0.000788345
          18   -0.808184   -0.804174 0.000779795
          19   -0.805256   -0.804231 0.000739808
          20   -0.806176   -0.804328 0.000708551
           1   -0.760824   -0.760824           0
           2   -0.763856    -0.76234    0.001516
           3   -0.759232   -0.761304  0.00135624
           4   -0.757576   -0.760372  0.00133728
           5    -0.76016    -0.76033  0.00103672
           6   -0.761584   -0.760539 0.000871914
           7   -0.761752   -0.760712 0.000757013
           8   -0.765024   -0.761251 0.000848718
           9    -0.76264   -0.761405 0.000764244
          10   -0.760688   -0.761334 0.000687314
          11    -0.76468   -0.761638 0.000692141
          12   -0.757096   -0.761259 0.000736523
          13   -0.764232   -0.761488 0.000715051
          14    -0.76272   -0.761576 0.000667832
          15   -0.760168   -0.761482 0.000628764
          16     -0.7592    -0.76134 0.000605203
          17   -0.760368   -0.761282 0.000571354
          18   -0.760168    -0.76122 0.000542224
          19   -0.761728   -0.761247 0.000513587
          20   -0.758648   -0.761117 0.000504266
           1    -0.72564    -0.72564           0
           2   -0.723096   -0.724368    0.001272
           3     -0.7224   -0.723712 0.000984715
           4   -0.718864     -0.7225  0.00139778
           5   -0.720984   -0.722197  0.00112436
           6   -0.725904   -0.722815   0.0011066
           7     -0.7232    -0.72287 0.000936864
           8   -0.724224   -0.723039  0.00082882
           9   -0.722696   -0.723001 0.000731943
          10   -0.720624   -0.722763 0.000696483
          11   -0.722408   -0.722731  0.00063082
          12    -0.71796   -0.722333  0.00069977
          13   -0.722488   -0.722345 0.000643805
          14   -0.723824   -0.722451 0.000605334
          15   -0.717288   -0.722107 0.000660333
          16   -0.720128   -0.721983 0.000629943
          17   -0.719784   -0.721854 0.000605701
          18   -0.719152   -0.721704 0.000590456
          19   -0.720328   -0.721631 0.000563188
          20    -0.71876   -0.721488 0.000553237
           1   -0.684112   -0.684112           0
           2   -0.682472   -0.683292     0.00082
           3   -0.682048   -0.682877  0.00062935
           4    -0.68164   -0.682568 0.000541967
           5   -0.680664   -0.682187 0.000566785
           6   -0.686384   -0.682887   0.0008387
           7   -0.685376   -0.683242 0.000793036
           8   -0.685224    -0.68349 0.000730097
           9   -0.684464   -0.683598 0.000652917
          10   -0.681192   -0.683358 0.000631616
          11   -0.684608   -0.683471 0.000582517
          12   -0.681648   -0.683319 0.000553044
          13   -0.685696   -0.683502 0.000540579
          14   -0.682896   -0.683459 0.000502348
          15   -0.677888   -0.683087 0.000597191
          16    -0.68564   -0.683247 0.000580955
          17   -0.682616    -0.68321 0.000546973
          18   -0.680528   -0.683061 0.000536783
          19   -0.681368   -0.682972 0.000515505
          20     -0.6824   -0.682943 0.000489886
           1   -0.648176   -0.648176           0
           2   -0.646952   -0.647564    0.000612
           3   -0.645528   -0.646885 0.000765138
           4   -0.646072   -0.646682 0.000577982
           5   -0.646392   -0.646624 0.000451444
           6   -0.651048   -0.647361 0.000824335
           7   -0.646736   -0.647272 0.000702394
           8   -0.648944   -0.647481 0.000643195
           9   -0.650864   -0.647857 0.000680484
          10   -0.646312   -0.647702 0.000627944
          11   -0.648128   -0.647741 0.000569313
          12   -0.644728    -0.64749 0.000577187
          13   -0.650776   -0.647743 0.000588034
          14   -0.647392   -0.647718  0.00054499
          15   -0.644736   -0.647519 0.000544909
          16   -0.649256   -0.647628 0.000521149
          17   -0.642712   -0.647338 0.000568551
          18   -0.642536   -0.647072 0.000598761
          19   -0.646816   -0.647058 0.000566531
          20    -0.64492   -0.646951 0.000547987
           1   -0.615728   -0.615728           0
           2   -0.612512    -0.61412    0.001608
           3    -0.61196     -0.6134  0.00117486
           4    -0.61228    -0.61312 0.000876666
           5   -0.613144   -0.613125  0.00067908
           6   -0.615336   -0.613493  0.00066577
           7   -0.613152   -0.613445 0.000564787
           8   -0.614576   -0.613586 0.000509157
           9   -0.618264   -0.614106 0.000686877
          10   -0.613736   -0.614069 0.000615474
          11   -0.615512     -0.6142 0.000571968
          12   -0.613496   -0.614141 0.000525418
          13   -0.616768   -0.614343 0.000523849
          14   -0.612704   -0.614226 0.000498926
          15   -0.612152   -0.614088 0.000484623
          16      -0.616   -0.614208  0.00046881
          17   -0.610712   -0.614002 0.000486009
          18    -0.61164   -0.613871 0.000476631
          19   -0.614312   -0.613894 0.000451446
          20    -0.61272   -0.613835 0.000432282
           1    -0.58356    -0.58356           0
           2   -0.582672   -0.583116    0.000444
           3    -0.58228   -0.582837 0.000378638
           4     -0.5798   -0.582078 0.000805153
           5    -0.58212   -0.582086 0.000623725
           6   -0.586632   -0.582844  0.00091286
           7   -0.582896   -0.582851 0.000771543
           8   -0.580856   -0.582602 0.000713214
           9   -0.585568   -0.582932   0.0007101
          10   -0.583648   -0.583003 0.000639161
          11   -0.582448   -0.582953 0.000580342
          12   -0.584296   -0.583065 0.000541474
          13   -0.585536   -0.583255 0.000533129
          14   -0.583648   -0.583283  0.00049438
          15    -0.58308   -0.583269 0.000460441
          16   -0.584768   -0.583363 0.000440771
          17   -0.580272   -0.583181 0.000452197
          18   -0.582536   -0.583145  0.00042784
          19   -0.582928   -0.583134 0.000404857
          20   -0.581392   -0.583047 0.000393833
           1   -0.554672   -0.554672           0
           2   -0.553688    -0.55418    0.000492
           3   -0.554016   -0.554125 0.000289269
           4   -0.551456   -0.553458 0.000697977
           5   -0.553448   -0.553456 0.000540654
           6   -0.557872   -0.554192 0.000858235
           7   -0.555328   -0.554354 0.000743274
           8   -0.554248   -0.554341 0.000643831
           9    -0.55804   -0.554752 0.000700945
          10   -0.556976   -0.554974 0.000665223
          11   -0.554712   -0.554951 0.000602189
          12   -0.553864    -0.55486 0.000557128
          13   -0.556792   -0.555009 0.000533597
          14     -0.5552   -0.555022 0.000494204
          15   -0.554104   -0.554961 0.000464134
          16   -0.556352   -0.555048 0.000442775
          17    -0.55264   -0.554906 0.000439374
          18   -0.554112   -0.554862  0.00041659
          19   -0.555128   -0.554876 0.000394303
          20   -0.552344    -0.55475 0.000394914
           1   -0.528424   -0.528424           0
           2   -0.527416    -0.52792    0.000504
           3   -0.527576   -0.527805 0.000312763
           4   -0.526016   -0.527358 0.000499016
           5   -0.528088   -0.527504 0.000413191
           6   -0.530344   -0.527977 0.000581259
           7   -0.529192   -0.528151    0.000521
           8   -0.526928   -0.527998 0.000476388
           9   -0.531584   -0.528396 0.000579026
          10   -0.530384   -0.528595 0.000554726
          11     -0.5282   -0.528559 0.000503053
          12   -0.528328    -0.52854 0.000459627
          13    -0.53084   -0.528717  0.00045832
          14   -0.528632   -0.528711 0.000424365
          15    -0.52768   -0.528642 0.000400996
          16    -0.52964   -0.528705 0.000380247
          17   -0.527184   -0.528615 0.000368208
          18   -0.527016   -0.528526 0.000358336
          19   -0.527584   -0.528477  0.00034256
          20   -0.525784   -0.528342 0.000351765
           1     -0.5054     -0.5054           0
           2     -0.5028     -0.5041      0.0013
           3   -0.503776   -0.503992 0.000758286
           4   -0.501232   -0.503302 0.000873841
           5    -0.50544    -0.50373 0.000800625
           6   -0.507888   -0.504423  0.00095272
           7   -0.505104    -0.50452 0.000811057
           8   -0.504488   -0.504516 0.000702407
           9      -0.507   -0.504792 0.000678169
          10   -0.506136   -0.504926 0.000621284
          11    -0.50468   -0.504904 0.000562419
          12   -0.504592   -0.504878 0.000514074
          13   -0.505544   -0.504929 0.000475646
          14    -0.50524   -0.504951 0.000440922
          15   -0.504688   -0.504934 0.000410851
          16   -0.506008   -0.505001 0.000390136
          17   -0.502776    -0.50487 0.000389139
          18   -0.503744   -0.504808  0.00037218
          19   -0.504216   -0.504776 0.000353421
          20   -0.501336   -0.504604 0.000376838
           1   -0.482368   -0.482368           0
           2   -0.481752    -0.48206    0.000308
           3    -0.48184   -0.481987 0.000192352
           4    -0.47972    -0.48142 0.000582761
           5   -0.483328   -0.481802 0.000591088
           6   -0.485848   -0.482476   0.0008293
           7   -0.483688   -0.482649 0.000721956
           8   -0.482568   -0.482639 0.000625314
           9   -0.484216   -0.482814 0.000578643
          10   -0.484112   -0.482944 0.000533577
          11   -0.482064   -0.482864 0.000489224
          12    -0.48268   -0.482849 0.000446862
          13   -0.483048   -0.482864 0.000411339
          14   -0.483032   -0.482876 0.000381015
          15     -0.4824   -0.482844 0.000356122
          16   -0.483568   -0.482889 0.000336179
          17   -0.481728   -0.482821 0.000323092
          18   -0.482376   -0.482796 0.000305616
          19    -0.48208   -0.482759 0.000291533
          20   -0.479168   -0.482579 0.000329736
           1   -0.461048   -0.461048           0
           2   -0.460752     -0.4609    0.000148
           3   -0.461592   -0.461131 0.000245985
           4   -0.459544   -0.460734 0.000433127
           5   -0.461688   -0.460925 0.000385958
           6   -0.464776   -0.461567 0.000715054
           7   -0.462296   -0.461671 0.000613247
           8   -0.462648   -0.461793 0.000544952
           9   -0.463376   -0.461969 0.000511777
          10   -0.464496   -0.462222 0.000522872
          11   -0.462192   -0.462219 0.000472963
          12     -0.4632   -0.462301 0.000439427
          13   -0.462656   -0.462328 0.000405137
          14   -0.463096   -0.462383 0.000379075
          15   -0.461792   -0.462343 0.000355091
          16   -0.462864   -0.462376 0.000333746
          17   -0.462152   -0.462363 0.000313777
          18   -0.462016   -0.462344 0.000296459
          19   -0.461344   -0.462291 0.000285314
          20     -0.4606   -0.462206  0.00028357
