           1     44.7118    0.894236           0
           2     44.5354    0.892472    0.001764
           3     46.5132    0.905069   0.0126384
           4     46.2952    0.910278   0.0103438
           5     47.1618     0.91687   0.0103753
           6     47.5804    0.922659   0.0102609
           7     45.3426    0.920401   0.0089612
           8      48.681    0.927053   0.0102216
           9      44.459    0.922845  0.00994846
          10     45.0728    0.920706  0.00915164
          11     46.8234    0.922139  0.00840107
          12     39.7836      0.9116    0.013034
          13      47.907     0.91518   0.0125126
          14     46.9758    0.916919   0.0117141
          15      45.896    0.916985   0.0109054
          16     27.6296    0.894211   0.0249548
          17     46.3352    0.896122   0.0235188
          18     46.3894    0.897881   0.0222434
          19       46.31    0.899372   0.0210929
          20     46.4006    0.900804   0.0200616
           1     37.9276    0.758552           0
           2     33.7524      0.7168    0.041752
           3     37.8792    0.730395   0.0276747
           4      37.387    0.734731   0.0200437
           5      41.822    0.755073   0.0255898
           6     28.8992    0.725558   0.0361619
           7     38.1248    0.730835   0.0310146
           8     33.6786    0.723677   0.0277968
           9     32.7934    0.716143   0.0256462
          10     36.7996    0.718128   0.0230244
          11      36.424    0.719069   0.0208476
          12     34.8868    0.717291    0.019114
          13     40.5988    0.724574   0.0190312
          14     37.1962    0.725957   0.0176736
          15      33.349    0.722025   0.0169165
          16      36.851    0.722962   0.0158516
          17     36.8838    0.723828   0.0149152
          18     32.2782     0.71948    0.014719
          19     21.2238    0.703953   0.0208546
          20     34.9072    0.703663   0.0197866
           1       18.68      0.3736           0
           2     26.5276    0.452076    0.078476
           3     23.6676    0.459168   0.0458598
           4     24.0128     0.46444   0.0328536
           5     29.3232    0.488845   0.0352592
           6     18.7942    0.470018   0.0343985
           7     24.2126    0.472051    0.029143
           8     23.2236    0.471104   0.0252564
           9     19.9884    0.463178   0.0236423
          10     25.9568    0.468774   0.0218742
          11     23.1604    0.468268   0.0197924
          12     22.7166    0.467106   0.0181052
          13      23.561    0.467423   0.0166574
          14     20.9628    0.463982   0.0158008
          15     22.3032    0.462788   0.0147582
          16     28.1838    0.469093   0.0151769
          17     20.2702    0.465347   0.0147403
          18     23.2824    0.465364   0.0138973
          19     17.0212    0.458788   0.0146985
          20     20.6974    0.456546   0.0141233
           1     13.5742    0.271484           0
           2     15.1072    0.286814     0.01533
           3     15.0066    0.291253  0.00990172
           4     15.2142    0.294511  0.00772233
           5     19.5318    0.313736   0.0201341
           6      12.574     0.30336   0.0194401
           7       16.63    0.307537   0.0169525
           8     12.2978    0.299839   0.0165769
           9     13.1214    0.295683    0.015199
          10     10.4562    0.287027   0.0161162
          11     16.1744    0.290341   0.0149497
          12      9.8134    0.282502   0.0157386
          13     14.8986    0.283692   0.0145262
          14     12.3118    0.281017   0.0137122
          15     19.4424    0.288205   0.0146503
          16     15.1606    0.289143   0.0137362
          17     14.0368    0.288649   0.0129124
          18     15.5976    0.289943   0.0122426
          19      11.261    0.286537   0.0120709
          20     16.6854    0.288895   0.0116919
           1      9.4926    0.189852           0
           2      8.6678    0.181604    0.008248
           3     11.9692    0.200864     0.01984
           4     11.4204     0.20775   0.0156278
           5     13.5248    0.220299   0.0174362
           6      9.6376    0.215708   0.0149586
           7      9.1506    0.211037   0.0134776
           8      7.6476    0.203776   0.0137459
           9      9.7036    0.202698   0.0121706
          10      5.7044    0.193837   0.0140363
          11      11.883    0.197821   0.0133067
          12      7.6742    0.194126   0.0126967
          13       10.04     0.19464   0.0116906
          14         8.6    0.193023   0.0109435
          15      13.733    0.198465   0.0115505
          16     10.6456    0.199368   0.0108421
          17      8.6552    0.197823   0.0103009
          18        9.16    0.197011  0.00974572
          19      9.1232    0.196245  0.00925027
          20     12.1664    0.198599  0.00908585
           1      8.4578    0.169156           0
           2      6.5012     0.14959    0.019566
           3      7.8574    0.152109    0.011574
           4      9.0686    0.159425   0.0109771
           5      8.9284    0.163254  0.00932505
           6       7.038    0.159505  0.00848678
           7      6.4504    0.155148   0.0083921
           8      4.9222     0.14806   0.0101519
           9      8.3966    0.150268  0.00922135
          10      3.8624    0.142966   0.0110157
          11      9.1512    0.146608   0.0106087
          12       7.776     0.14735  0.00971281
          13      7.2386    0.147152  0.00893668
          14       6.099    0.145354  0.00846687
          15      9.7854    0.148711   0.0085673
          16      9.5896    0.151403  0.00845421
          17      7.2762    0.151058  0.00794887
          18      7.8808    0.151422  0.00750312
          19      5.8256    0.149585  0.00733122
          20      8.1884    0.150294  0.00699107
           1       6.745      0.1349           0
           2      4.9588    0.117038    0.017862
           3      6.1466    0.119003   0.0104981
           4       6.689    0.122697  0.00829176
           5      7.5872    0.128506  0.00866032
           6       4.942    0.123562  0.00862831
           7      4.0218    0.117401  0.00954637
           8      4.5578    0.114121  0.00889452
           9      5.7542    0.114228  0.00784496
          10      3.1718    0.109148  0.00866213
          11      6.4988    0.111042  0.00806073
          12      4.8336    0.109844   0.0074552
          13      5.4414    0.109766  0.00685823
          14      5.8388    0.110267   0.0063692
          15      7.6266    0.113085  0.00656484
          16      6.0942    0.113634  0.00616542
          17      5.3414    0.113234  0.00580523
          18       6.225     0.11386  0.00550889
          19      4.9096    0.113035  0.00527574
          20      5.9278    0.113311  0.00501261
           1      5.9612    0.119224           0
           2      4.7906    0.107518    0.011706
           3      4.9536    0.104703   0.0073214
           4       5.852    0.107787  0.00602616
           5       6.076    0.110534  0.00541595
           6      3.2896    0.103077  0.00866954
           7      3.3192   0.0978349  0.00900905
           8      4.1726    0.096037  0.00800653
           9       4.241   0.0947907  0.00717024
          10      3.4898   0.0922912  0.00688311
          11      5.1898   0.0933371  0.00631325
          12      3.0662   0.0906693  0.00635068
          13       3.823   0.0895763  0.00594315
          14      5.0492   0.0903911   0.0055623
          15       5.855   0.0921717  0.00547581
          16      5.0554   0.0927303  0.00515251
          17      4.5968   0.0926835  0.00484016
          18      4.8168   0.0928864  0.00456786
          19       3.869   0.0920703  0.00439716
          20      4.4488   0.0919156  0.00417438
           1      4.9296    0.098592           0
           2       3.352    0.082816    0.015776
           3       4.007    0.081924  0.00915185
           4      4.6434     0.08466  0.00702594
           5      4.8864   0.0872736  0.00603732
           6      2.1902   0.0800287  0.00876291
           7      3.0712   0.0773709  0.00786848
           8      4.1912   0.0781775  0.00686188
           9        3.91     0.07818  0.00605161
          10       3.503    0.077368  0.00547329
          11       3.926   0.0774727  0.00495188
          12       3.001   0.0760183  0.00474864
          13      3.4406    0.075464  0.00440315
          14      4.2312   0.0761183  0.00412869
          15      4.7832   0.0774213  0.00405848
          16      3.2828    0.076686  0.00386692
          17      3.9334   0.0768026  0.00363421
          18      3.6692   0.0766127  0.00343162
          19      3.0206     0.07576  0.00335611
          20      3.1418   0.0751138   0.0032488
           1      4.0328    0.080656           0
           2      2.2746    0.063074    0.017582
           3      3.2068    0.063428   0.0101571
           4      3.8122    0.066632  0.00786444
           5      3.9758   0.0692088  0.00661434
           6      1.8352   0.0637913  0.00764953
           7      2.2154    0.061008  0.00703872
           8       3.238    0.061477  0.00611373
           9      3.0606   0.0614476  0.00539188
          10      2.6612   0.0606252  0.00489226
          11      2.6438   0.0599207  0.00448094
          12       2.634   0.0593173  0.00413478
          13      2.9358   0.0592711  0.00380373
          14       3.497   0.0600331  0.00360308
          15      4.3356   0.0618117  0.00379666
          16      2.6248   0.0612295  0.00359886
          17      3.6068   0.0618711  0.00344088
          18      3.4586   0.0622767  0.00326935
          19      2.1456   0.0612575  0.00325611
          20      2.6408   0.0608354  0.00311772
           1      3.0296    0.060592           0
           2      2.0246    0.050542     0.01005
           3      2.8034    0.052384  0.00608773
           4      3.5832    0.057204   0.0064624
           5      3.1944   0.0585408  0.00518118
           6       1.882   0.0550573  0.00548005
           7      1.7946   0.0523194  0.00538022
           8       2.955    0.053167  0.00473587
           9      2.6722   0.0531978  0.00417676
          10      1.9016   0.0516812  0.00403191
          11      2.1844   0.0509545  0.00371868
          12      2.5884   0.0510223  0.00339535
          13      2.3326   0.0506862  0.00314131
          14         2.5   0.0506371   0.0029087
          15      3.7762   0.0522963  0.00317572
          16      2.0224   0.0515557  0.00306152
          17      2.8162   0.0518362  0.00288944
          18       3.277   0.0525976  0.00282857
          19      1.7608   0.0516827  0.00282764
          20      2.0504    0.051149  0.00273511
           1      2.9452    0.058904           0
           2      1.7462    0.046914     0.01199
           3      2.1988   0.0459347  0.00699136
           4       2.829    0.048596  0.00561447
           5      2.7674   0.0499464  0.00455378
           6      1.6438   0.0471013  0.00468178
           7      1.7262   0.0453046  0.00434566
           8      2.6536   0.0462755  0.00388668
           9       2.249   0.0461316  0.00343075
          10      2.1906   0.0458996  0.00307731
          11       1.802   0.0450033  0.00292429
          12       1.952   0.0445063  0.00271536
          13        2.08   0.0442828  0.00250775
          14      1.9214   0.0438646  0.00235909
          15       3.346   0.0454016  0.00268062
          16      1.9502   0.0450017  0.00253917
          17      2.5546     0.04536  0.00241189
          18      2.9594   0.0461282  0.00240021
          19       1.716   0.0455067   0.0023539
          20      1.7246    0.044956  0.00230002
           1       2.692     0.05384           0
           2      1.5468    0.042388    0.011452
           3      2.0276    0.041776  0.00664008
           4       2.568    0.044172  0.00527126
           5      2.5572   0.0455664  0.00431463
           6      1.4804   0.0429067  0.00441417
           7       1.351   0.0406371  0.00436675
           8      2.6158    0.042097  0.00405371
           9      1.7752   0.0413644  0.00364932
          10      2.0756   0.0413792  0.00326408
          11        1.45   0.0402538  0.00315968
          12       1.534    0.039456  0.00299269
          13      1.7456   0.0391065  0.00277497
          14      1.5832   0.0385749  0.00262355
          15      2.7908   0.0397243  0.00269934
          16      1.3458   0.0389238  0.00264886
          17      2.4696   0.0395395  0.00256323
          18      2.4912   0.0401109  0.00248326
          19      1.9638   0.0400669  0.00234934
          20      1.6108   0.0396744  0.00226309
           1      2.2236    0.044472           0
           2       1.396    0.036196    0.008276
           3      1.7444     0.03576    0.004798
           4       2.081    0.037225  0.00369549
           5      2.2164   0.0386456  0.00319564
           6      1.2802    0.036472  0.00339597
           7      1.1114   0.0344371  0.00351827
           8      2.3494    0.036006  0.00342709
           9       1.628   0.0356231  0.00304657
          10      1.8018   0.0356644  0.00272525
          11      1.1544   0.0345211  0.00271731
          12      1.4048   0.0339857  0.00253768
          13      1.7672   0.0340902  0.00233666
          14      1.4882   0.0337811  0.00218529
          15      2.6952   0.0351227  0.00243689
          16      1.2082   0.0344378  0.00238018
          17      2.2644    0.035076   0.0023251
          18      2.2252   0.0355998  0.00225384
          19      1.7136   0.0355299  0.00213306
          20      1.6228   0.0353762  0.00202943
           1      2.0492    0.040984           0
           2      1.1878     0.03237    0.008614
           3      1.6606   0.0326507  0.00498121
           4      1.8436    0.033706  0.00367695
           5      2.0276   0.0350752  0.00316017
           6      1.1204    0.032964  0.00333391
           7      0.8692   0.0307383  0.00359069
           8      2.0206   0.0319475  0.00333646
           9      1.2988    0.031284  0.00301636
          10      1.3476   0.0308508  0.00273247
          11      1.0424   0.0299415  0.00263359
          12       1.051    0.029198  0.00251646
          13      1.5094   0.0292742  0.00231606
          14      1.4694   0.0292823  0.00214427
          15      2.4182   0.0305544  0.00236709
          16      1.2906    0.030258  0.00223396
          17      1.9716   0.0307976  0.00216672
          18       2.085   0.0314033   0.0021307
          19       1.656   0.0314937  0.00201747
          20      1.5354   0.0314544  0.00191434
           1       1.767     0.03534           0
           2       1.175     0.02942     0.00592
           3       1.452   0.0292933  0.00342026
           4      1.8578    0.031259  0.00311656
           5      1.6904   0.0317688  0.00246732
           6      0.9382   0.0296013  0.00295911
           7      0.8642   0.0278417  0.00305791
           8      1.7878    0.028831  0.00282697
           9      1.1532   0.0281902  0.00257418
          10      1.0236   0.0274184  0.00242834
          11      0.8508   0.0264727  0.00239144
          12      1.0204   0.0259673  0.00224081
          13      1.1186   0.0256908  0.00207972
          14      1.4616   0.0259437  0.00194199
          15      2.2404   0.0272013  0.00220229
          16      1.1158    0.026896  0.00208256
          17      1.8144   0.0274485  0.00203274
          18      1.8114   0.0279362  0.00197758
          19      1.6244   0.0281758  0.00188588
          20       1.165    0.027932  0.00180564
