           1     3471.14     69.4228           0
           2     3413.39     68.8454    0.577488
           3     3585.85     69.8026     1.01364
           4     3390.71     69.3055    0.872264
           5     3901.03     71.0485      1.8694
           6     3444.62     70.6891     1.56809
           7     3759.99     71.3335     1.47363
           8     3657.37     71.5602     1.29618
           9     3512.64      71.415     1.15232
          10     3586.23     71.4459     1.03113
          11     3501.61     71.3174    0.941508
          12     4146.67     72.2854      1.2945
          13     4036.25     72.9346     1.35624
          14     3839.26     73.2097     1.28541
          15     4027.13     73.6985     1.29265
          16     4417.33      74.614     1.51665
          17     4209.47     75.1773     1.53195
          18     3258.38     74.6212     1.54769
          19     4303.59     75.2239     1.58316
          20     3856.88     75.3195     1.50496
           1     2235.99     44.7198           0
           2     2401.86     46.3785     1.65864
           3      2421.9      47.065     1.17827
           4     1901.43     44.8059     2.40782
           5     2006.18     43.8695     2.08698
           6     1957.28     43.0822      1.8771
           7     1957.09     42.5193     1.68334
           8      1991.9     42.1841     1.49585
           9     2326.52      42.667     1.40483
          10     1640.77     41.6819     1.59668
          11     2098.62     41.7083     1.44449
          12     2541.28     42.4681     1.52187
          13     2400.71     42.8947     1.46348
          14     2103.31     42.8355     1.35621
          15      1882.6     42.4899       1.309
          16     1953.22     42.2758     1.24303
          17     2405.82     42.6194     1.21712
          18     2166.65     42.6591      1.1482
          19     2445.27     42.9878     1.13475
          20     2208.72     43.0471     1.07815
           1      1351.6     27.0319           0
           2     1207.51      25.591     1.44092
           3     1360.37     26.1298    0.991152
           4     1046.52       24.83     1.47674
           5     1219.19     24.7407     1.14735
           6     1268.41     24.8453    0.942629
           7     1185.76     24.6839    0.812861
           8     1261.12     24.7512     0.70717
           9     1205.48     24.6799    0.627726
          10     1039.05       24.29    0.683553
          11     1115.91     24.1108    0.643757
          12     1520.37     24.6355    0.787839
          13      1007.4     24.2903    0.802717
          14     1089.66     24.1119    0.764274
          15     1162.55     24.0545    0.713811
          16     1044.56     23.8568    0.696367
          17     1240.44     23.9128    0.656515
          18     1437.31     24.1813    0.674702
          19     1122.38     24.0901    0.644695
          20     1345.51     24.2311    0.627654
           1      817.62     16.3524           0
           2      695.12     15.1274       1.225
           3     677.656     14.6026    0.880672
           4     708.044     14.4922    0.632446
           5     812.409     14.8434    0.602769
           6     729.891     14.8025    0.493858
           7     693.076      14.668    0.438498
           8     742.754     14.6914     0.38047
           9     737.912     14.6988    0.335625
          10     737.313     14.7036    0.300229
          11     801.662     14.8245    0.297254
          12     871.453     15.0415    0.347482
          13     727.947     15.0044    0.321785
          14     701.177     14.9343    0.306043
          15     859.255     15.0844    0.322008
          16      661.71     14.9687    0.322645
          17     815.759     15.0479     0.31325
          18     761.723     15.0583    0.295517
          19     710.561     15.0137    0.283064
          20      729.05     14.9921    0.269408
           1     505.308     10.1062           0
           2     522.692       10.28     0.17384
           3      434.92     9.75281    0.536672
           4     481.639      9.7228    0.380669
           5     540.695     9.94102    0.366831
           6     436.734     9.73996    0.360741
           7     468.481     9.68706    0.309438
           8     500.912     9.72846     0.27116
           9     546.849     9.86274    0.274262
          10     545.016      9.9665    0.266349
          11     550.067     10.0606    0.258638
          12     484.992     10.0305    0.238009
          13     482.776     10.0017    0.220828
          14     495.546     9.99518     0.20455
          15      543.55     10.0536    0.199176
          16     508.067     10.0603    0.186434
          17     497.734     10.0541    0.175234
          18     573.632     10.1329    0.183046
          19      530.62     10.1581    0.174974
          20      484.84     10.1351     0.16759
           1     390.684     7.81369           0
           2     349.874     7.40559      0.4081
           3     351.573     7.28088    0.266584
           4     353.554     7.22843    0.195665
           5     409.508     7.42077    0.244882
           6      354.31     7.36501    0.207576
           7     334.726     7.26923    0.199879
           8     364.062     7.27073    0.173107
           9     358.014     7.25846    0.153158
          10     382.917     7.29844    0.142706
          11     380.481     7.32673    0.132146
          12     349.453     7.29859    0.123871
          13     374.731     7.31367    0.114938
          14     362.757     7.30949    0.106494
          15     381.356     7.33067    0.101377
          16     377.051     7.34381   0.0957365
          17     359.129     7.33433   0.0904275
          18     386.494     7.35631   0.0880424
          19     371.865     7.36057   0.0833888
          20     308.882     7.30142   0.0987759
           1     308.884     6.17769           0
           2     259.969     5.68853    0.489156
           3     303.148     5.81334    0.308765
           4     284.513     5.78257    0.220488
           5     300.187     5.82681    0.176425
           6     307.971     5.88224    0.154349
           7     271.411     5.81738    0.145684
           8     279.301     5.78846    0.129438
           9     257.637     5.71783     0.13424
          10     282.434     5.71091    0.120267
          11     279.838     5.70053    0.109279
          12     293.927     5.71537    0.100855
          13     273.958      5.6972   0.0945355
          14     276.474     5.68522   0.0883389
          15     263.743     5.65786     0.08667
          16     277.019     5.65052   0.0814041
          17     266.728     5.63193   0.0786922
          18     290.466     5.64179   0.0748434
          19     260.041     5.61858   0.0745018
          20     246.654      5.5843    0.078551
           1     222.647     4.45293           0
           2     212.108     4.34754     0.10539
           3     239.445     4.49466    0.159207
           4      219.11     4.46655    0.116034
           5     234.759     4.51227    0.100842
           6     229.356     4.52475   0.0832765
           7     218.647     4.50306   0.0736466
           8     223.643     4.49929   0.0638915
           9     210.159     4.46639   0.0652487
          10     227.077      4.4739   0.0588422
          11     220.576     4.46823    0.053526
          12     215.807     4.45556   0.0504794
          13     225.589     4.45988   0.0466352
          14     222.615     4.45934   0.0431792
          15     206.169     4.43694   0.0460165
          16     230.892     4.44825   0.0445046
          17     211.993     4.43599   0.0435651
          18     228.044     4.44293   0.0416554
          19     227.364     4.44842    0.039783
          20      192.47     4.41847    0.048182
           1     177.212     3.54424           0
           2     178.666     3.55878   0.0145446
           3     183.633     3.59674   0.0388737
           4     184.476     3.61994   0.0359664
           5     187.848     3.64734   0.0390792
           6      178.51     3.63448   0.0344006
           7     173.641     3.61139   0.0371299
           8      181.51     3.61374   0.0322413
           9     177.907     3.60756   0.0290976
          10     182.791     3.61239   0.0264694
          11     182.341     3.61552   0.0241461
          12     176.609     3.60857   0.0231106
          13     189.774     3.62295   0.0256639
          14     188.828     3.63392   0.0261711
          15     180.308     3.63207   0.0244341
          16     186.735     3.63849   0.0237389
          17     171.907      3.6267   0.0252215
          18     180.248     3.62549   0.0238097
          19     184.386     3.62877   0.0227586
          20     159.729     3.60706   0.0306177
           1     150.504     3.01009           0
           2     146.922     2.97426   0.0358257
           3     145.231     2.95105   0.0310909
           4     146.871     2.94764   0.0222471
           5     152.915     2.96977   0.0280492
           6     140.526     2.94323   0.0350575
           7     147.071     2.94297   0.0296301
           8     149.286     2.94832   0.0262111
           9     149.853     2.95373   0.0237421
          10     152.581     2.96352   0.0233835
          11     152.336     2.97108   0.0224627
          12     148.143      2.9704   0.0205169
          13     158.825     2.98625   0.0246483
          14     157.329     2.99771   0.0255323
          15       151.7     3.00013   0.0238921
          16     155.313     3.00676   0.0233125
          17     142.425     2.99745   0.0237947
          18     151.337     2.99908   0.0224928
          19     148.778     2.99784   0.0213121
          20     138.537     2.98648   0.0231886
           1     125.123     2.50246           0
           2     123.374     2.48497   0.0174933
           3     124.539      2.4869    0.010284
           4     122.593     2.47814   0.0113843
           5     124.937     2.48226  0.00973255
           6     120.494      2.4702   0.0144447
           7     126.554      2.4789   0.0149885
           8     127.383     2.48749   0.0155679
           9     125.417     2.48981   0.0139235
          10      131.44     2.50371    0.018662
          11     126.707     2.50647   0.0171058
          12     124.028     2.50431    0.015764
          13     131.169     2.51347   0.0171512
          14     134.534     2.52613   0.0203065
          15     129.828     2.53082   0.0194786
          16     126.933     2.53131   0.0182271
          17     123.443     2.52764    0.017511
          18     128.919     2.53046   0.0167485
          19     125.244     2.52911   0.0158995
          20     122.431     2.52509   0.0156113
           1      108.46      2.1692           0
           2     110.662     2.19122   0.0220175
           3     107.791     2.17942   0.0173439
           4      107.28     2.17096   0.0148965
           5     112.928     2.18848    0.020978
           6     104.386     2.17169   0.0239872
           7       108.6     2.17173   0.0202729
           8     109.669     2.17444   0.0177639
           9     106.904      2.1704   0.0161785
          10     116.498     2.18636     0.02154
          11     108.239     2.18439   0.0195822
          12     107.452     2.18145   0.0181173
          13     111.063     2.18451   0.0169446
          14     113.966     2.19128    0.017087
          15     110.608     2.19267   0.0159679
          16     107.021     2.18941   0.0152895
          17     106.864     2.18634   0.0146857
          18     111.806     2.18911   0.0141193
          19     111.341     2.19109   0.0135021
          20     106.893     2.18843   0.0130827
           1     92.5202      1.8504           0
           2     96.9179     1.89438   0.0439765
           3     92.9529     1.88261    0.027987
           4     96.7026     1.89547   0.0236018
           5     99.6508     1.91498   0.0267368
           6     89.0075     1.89251   0.0313293
           7     96.4351     1.89768   0.0269782
           8     94.3475     1.89634   0.0234023
           9     91.1671     1.88823   0.0221753
          10      99.928     1.89926   0.0226965
          11      92.852     1.89542   0.0208855
          12     92.1998     1.89114   0.0195414
          13     98.7614      1.8976    0.019104
          14     96.3934     1.89977   0.0178185
          15     96.6953     1.90204   0.0167435
          16     92.0358     1.89821   0.0161243
          17     94.5219     1.89775    0.015153
          18     97.5548     1.90072   0.0145906
          19     96.7633     1.90253   0.0139206
          20     91.1974      1.8986   0.0137784
           1     83.7802      1.6756           0
           2     85.9267     1.69707   0.0214644
           3     82.2611     1.67979   0.0212662
           4     85.0922      1.6853   0.0160167
           5     88.0111     1.70029   0.0194537
           6     81.4433     1.68838    0.019849
           7      84.444     1.68845   0.0167756
           8     82.8167     1.68444   0.0150727
           9     80.6904     1.67659   0.0154365
          10     85.8609     1.68065   0.0143922
          11     83.8169     1.68026   0.0130241
          12     81.6804     1.67637   0.0125088
          13     86.3536     1.68027   0.0121494
          14     83.7627     1.67991   0.0112538
          15     87.2007     1.68419   0.0113147
          16     82.4087     1.68194   0.0108207
          17     84.2962     1.68217   0.0101669
          18     83.7756      1.6818  0.00959263
          19     84.8804     1.68263  0.00911178
          20     81.4098     1.67991   0.0090626
           1     74.4709     1.48942           0
           2     76.9663     1.51437   0.0249537
           3     75.1905     1.51085    0.014831
           4     73.7204     1.50174    0.013892
           5     77.4568     1.51122   0.0143404
           6     73.7651     1.50523   0.0131505
           7     74.8345     1.50401    0.011181
           8     72.6135     1.49755   0.0116446
           9     71.8213     1.49075   0.0123119
          10     75.4952     1.49267   0.0111773
          11     75.7269     1.49466   0.0103039
          12     72.1307     1.49032   0.0103578
          13     76.8345     1.49389   0.0101736
          14     75.2229     1.49464  0.00944914
          15     76.8731      1.4975  0.00924824
          16     74.0053     1.49641  0.00871896
          17     75.4392     1.49714  0.00822231
          18     74.6373     1.49689  0.00775591
          19     75.8815     1.49799  0.00741709
          20     73.1088     1.49619  0.00726068
           1     67.3136     1.34627           0
           2     69.5764      1.3689    0.022628
           3     67.1198     1.36007   0.0157711
           4     66.1336     1.35072   0.0145518
           5     68.9736     1.35647   0.0126541
           6     66.4098     1.35176   0.0113558
           7      67.635     1.35189  0.00959835
           8      65.822     1.34746  0.00941983
           9      65.353     1.34297  0.00944269
          10     69.0942     1.34686  0.00929914
          11     67.1728     1.34655  0.00841708
          12     66.5364     1.34523  0.00779605
          13     68.5954     1.34729  0.00745909
          14     67.0592     1.34685  0.00691951
          15      68.312     1.34814  0.00657014
          16      66.622     1.34716  0.00622367
          17     68.7204     1.34876  0.00606184
          18     67.9058     1.34928  0.00573873
          19     67.9658     1.34981  0.00545392
          20     65.9596     1.34828  0.00539579
