0 -0.769927 0.00360547
1 -0.770323 0.00371146
2 -0.769403 0.00350403
3 -0.769959 0.00318868
4 -0.770785 0.00345359
5 -0.770336 0.00335095
6 -0.770404 0.00333894
7 -0.770775 0.00327818
8 -0.771107 0.00322008
9 -0.772097 0.00354489
10 -0.771299 0.00384137
11 -0.770939 0.00357024
12 -0.771332 0.0034352
13 -0.771215 0.00355338
14 -0.77246 0.00365251
15 -0.772979 0.00335163
16 -0.77307 0.0031821
17 -0.773142 0.00324218
18 -0.773136 0.0028877
19 -0.773176 0.00312313
20 -0.774219 0.00296687
21 -0.774437 0.00284926
22 -0.774977 0.0028341
23 -0.774793 0.00308894
24 -0.774495 0.00291688
25 -0.773692 0.00285712
26 -0.774666 0.00246685
27 -0.774088 0.00241585
28 -0.773507 0.00251806
29 -0.772843 0.00238466
30 -0.771523 0.00253402
31 -0.772444 0.00273546
32 -0.772931 0.00280431
33 -0.773484 0.00279377
34 -0.774132 0.00276247
35 -0.774496 0.00292618
36 -0.773465 0.00291725
37 -0.773579 0.00308762
38 -0.774015 0.00311843
39 -0.773731 0.00310729
40 -0.773305 0.00310386
41 -0.774367 0.00290743
42 -0.774712 0.00283949
43 -0.774957 0.00267328
44 -0.775698 0.0029559
45 -0.775078 0.0028415
46 -0.774492 0.00254392
47 -0.776582 0.00223676
48 -0.776238 0.00222984
49 -0.776078 0.00213657
50 -0.776017 0.00212801
51 -0.776115 0.0020791
52 -0.775921 0.00207375
53 -0.775804 0.00230026
54 -0.774174 0.00246329
55 -0.774906 0.00256222
56 -0.774771 0.00259734
57 -0.774307 0.00259009
58 -0.774311 0.00250939
59 -0.774742 0.0025683
60 -0.776485 0.00260015
61 -0.777038 0.00245615
62 -0.776287 0.00240663
63 -0.775644 0.00251402
64 -0.776554 0.00259023
65 -0.777045 0.00267937
66 -0.777814 0.00255543
67 -0.777657 0.00252215
68 -0.777958 0.00255937
69 -0.777962 0.002601
70 -0.778205 0.00236806
71 -0.777711 0.00235922
72 -0.778109 0.00237399
73 -0.778766 0.00238832
74 -0.777611 0.00201487
75 -0.776314 0.00238943
76 -0.77609 0.00268251
77 -0.774559 0.00293673
78 -0.774952 0.00313141
79 -0.774112 0.00329168
80 -0.774223 0.00322979
81 -0.77432 0.00336757
82 -0.774404 0.0033743
83 -0.774127 0.00334958
84 -0.774102 0.00347623
85 -0.773608 0.00348728
86 -0.772986 0.00338917
87 -0.77215 0.00342915
88 -0.772533 0.00321617
89 -0.772519 0.00315741
90 -0.772093 0.00298101
91 -0.772358 0.00302725
92 -0.771529 0.00284168
93 -0.771795 0.00286479
94 -0.772882 0.00273999
95 -0.772428 0.00278051
96 -0.773342 0.00272471
97 -0.77395 0.00269883
98 -0.774217 0.00265263
99 -0.773969 0.00266533
100 -0.775174 0.00271635
101 -0.775578 0.00281681
102 -0.774854 0.00267226
103 -0.77449 0.00262299
104 -0.773538 0.00271019
105 -0.774224 0.00274103
106 -0.774305 0.0029866
107 -0.774243 0.00296115
108 -0.7733 0.00288898
109 -0.773879 0.00286218
110 -0.774903 0.00302324
111 -0.774981 0.00305029
112 -0.776092 0.00301789
113 -0.775862 0.00311728
114 -0.775688 0.00325329
115 -0.776343 0.00330066
116 -0.777079 0.0031128
117 -0.777784 0.00338773
118 -0.777454 0.00330229
119 -0.777563 0.00337169
120 -0.777732 0.00316549
121 -0.778154 0.00297365
122 -0.776164 0.00314426
123 -0.776412 0.00327915
124 -0.776994 0.00336133
125 -0.776839 0.00343082
126 -0.776324 0.00330798
127 -0.775311 0.00324788
128 -0.775578 0.00317893
129 -0.776238 0.00293779
130 -0.777946 0.00299272
131 -0.777528 0.00273548
132 -0.778145 0.00267675
133 -0.778291 0.00288247
134 -0.778335 0.00270482
135 -0.778597 0.0027855
136 -0.780262 0.00286684
137 -0.780539 0.00287796
138 -0.780074 0.00298727
139 -0.780032 0.00287706
140 -0.78153 0.00300169
141 -0.781758 0.00283048
142 -0.781201 0.00304703
143 -0.781994 0.00301936
144 -0.7825 0.00307262
145 -0.782232 0.003182
146 -0.781808 0.00328567
147 -0.782162 0.00346168
148 -0.782492 0.00346706
149 -0.782198 0.00359301
150 -0.782323 0.00352126
151 -0.781754 0.00343828
152 -0.781918 0.00340836
153 -0.781984 0.00332154
154 -0.781374 0.00343111
155 -0.780608 0.00302108
156 -0.780027 0.0029777
157 -0.77981 0.00289397
158 -0.779413 0.00287247
159 -0.778959 0.00269453
160 -0.779189 0.00273419
161 -0.778871 0.00282537
162 -0.77933 0.00283268
163 -0.780311 0.00293725
164 -0.780299 0.0028198
165 -0.779538 0.00285246
166 -0.779905 0.00271236
167 -0.780406 0.00265758
168 -0.780189 0.00303309
169 -0.779199 0.0030569
170 -0.779321 0.00298961
171 -0.779072 0.00288493
172 -0.77938 0.00288541
173 -0.779023 0.00282846
174 -0.779347 0.00295491
175 -0.779302 0.00287614
176 -0.779086 0.00279775
177 -0.778888 0.00272602
178 -0.779332 0.00273995
179 -0.779288 0.00279769
180 -0.780362 0.00265563
181 -0.780318 0.00263691
182 -0.780088 0.00258339
183 -0.779793 0.00268268
184 -0.779829 0.0028096
185 -0.77991 0.00265302
186 -0.779913 0.00249505
187 -0.779418 0.00253791
188 -0.779623 0.00251347
189 -0.779061 0.00243016
190 -0.778238 0.00236875
191 -0.779548 0.00240006
192 -0.779225 0.00251423
193 -0.779102 0.00277819
194 -0.778774 0.00304633
195 -0.779142 0.0033607
196 -0.779771 0.00330099
197 -0.778946 0.00336017
198 -0.779275 0.00344131
199 -0.779002 0.00326663
200 -0.779869 0.0032571
201 -0.780674 0.00318635
202 -0.78043 0.00303764
203 -0.781065 0.00290529
204 -0.780087 0.0030984
205 -0.779416 0.00288089
206 -0.780209 0.00288262
207 -0.7801 0.00300057
208 -0.780868 0.00296083
209 -0.781642 0.00296759
210 -0.781167 0.00308293
211 -0.78025 0.00313961
212 -0.780188 0.00301704
213 -0.781278 0.00312158
214 -0.781935 0.00303364
215 -0.781741 0.00294083
216 -0.782635 0.00303518
217 -0.782011 0.00303954
218 -0.782686 0.003073
219 -0.783026 0.00290821
220 -0.782002 0.00266524
221 -0.781709 0.00261832
222 -0.782846 0.00270897
223 -0.783646 0.00279353
224 -0.782752 0.0028182
225 -0.783411 0.00312152
226 -0.783176 0.00291254
227 -0.783354 0.00285776
228 -0.782576 0.00284011
229 -0.78227 0.00268735
230 -0.782078 0.00265985
231 -0.781313 0.00279507
232 -0.781198 0.00285429
233 -0.781553 0.00297011
234 -0.781454 0.00296233
235 -0.781301 0.00305079
236 -0.781228 0.0033552
237 -0.780496 0.00330899
238 -0.781161 0.0034355
239 -0.780246 0.00362258
240 -0.780351 0.00366611
241 -0.780403 0.00369006
242 -0.780523 0.00383491
243 -0.779582 0.00363105
244 -0.77981 0.00370384
245 -0.780408 0.00361638
246 -0.780782 0.00339137
247 -0.78059 0.00340044
248 -0.779905 0.00352229
249 -0.780969 0.00356027
250 -0.781829 0.00362485
251 -0.781264 0.00374523
252 -0.781171 0.00396423
253 -0.780335 0.00398637
254 -0.779811 0.003878
255 -0.779828 0.00379879
256 -0.779491 0.00363932
257 -0.779213 0.00340958
258 -0.780092 0.00328946
259 -0.780627 0.00331843
260 -0.780108 0.00318576
261 -0.779731 0.00330157
262 -0.780116 0.00350294
263 -0.780604 0.00353872
264 -0.781706 0.0036434
265 -0.781847 0.00371114
266 -0.781924 0.00414064
267 -0.78254 0.00399278
268 -0.782047 0.00400574
269 -0.781891 0.00389943
270 -0.781906 0.00377336
271 -0.781264 0.00377882
272 -0.780645 0.00387788
273 -0.779862 0.00376749
274 -0.779404 0.00377364
275 -0.778432 0.0038832
276 -0.778168 0.00393403
277 -0.778292 0.00395827
278 -0.778637 0.00395583
279 -0.779157 0.0038696
280 -0.779287 0.0038928
281 -0.778101 0.00393121
282 -0.777574 0.00397635
283 -0.777087 0.00391354
284 -0.776385 0.00387162
285 -0.776822 0.00402873
286 -0.777495 0.00413764
287 -0.776925 0.00410626
288 -0.775054 0.00414453
289 -0.774789 0.00405493
290 -0.773878 0.00420925
291 -0.774459 0.004017
292 -0.773748 0.00402791
293 -0.773024 0.00403696
294 -0.771675 0.00386658
295 -0.771336 0.00377486
296 -0.771911 0.00401234
297 -0.771948 0.00387591
298 -0.772896 0.00387905
299 -0.771386 0.00405406
